0 11.792 -0.219727 -64.1602 -16.6992 -7.91016 -17.4316 -16.9922 
1 11.7985 -0.341751 -64.2022 -16.842 -7.96156 -17.4649 -16.9438 
2 11.8063 -0.44628 -64.2432 -16.9796 -8.01244 -17.4939 -16.8953 
3 11.8141 -0.550808 -64.2842 -17.1172 -8.06332 -17.5228 -16.8467 
4 11.8219 -0.641603 -64.3273 -17.2475 -8.11787 -17.5469 -16.7992 
5 11.8297 -0.746131 -64.3683 -17.3851 -8.16875 -17.5759 -16.7506 
6 11.8371 -0.835582 -64.4124 -17.5154 -8.22344 -17.5998 -16.7035 
7 11.8446 -0.938766 -64.4544 -17.6529 -8.27445 -17.6286 -16.6553 
8 11.8508 -1.07563 -64.4948 -17.8054 -8.32366 -17.6675 -16.6061 
9 11.8571 -1.21248 -64.5353 -17.9578 -8.37288 -17.7063 -16.5569 
10 11.8591 -1.34258 -64.5694 -18.1026 -8.41742 -17.7482 -16.5028 
11 11.8612 -1.47268 -64.6035 -18.2475 -8.46196 -17.7901 -16.4486 
12 11.8633 -1.60278 -64.6376 -18.3923 -8.5065 -17.832 -16.3945 
13 11.8656 -1.71913 -64.6739 -18.5298 -8.55477 -17.869 -16.3413 
14 11.8679 -1.83549 -64.7101 -18.6673 -8.60304 -17.9061 -16.288 
15 11.8702 -1.95185 -64.7463 -18.8048 -8.65132 -17.9431 -16.2348 
16 11.8701 -2.07177 -64.7783 -18.9423 -8.6953 -17.984 -16.1788 
17 11.87 -2.19169 -64.8103 -19.0798 -8.73927 -18.025 -16.1227 
18 11.8699 -2.3116 -64.8424 -19.2173 -8.78325 -18.0659 -16.0666 
19 11.87 -2.41781 -64.8765 -19.3475 -8.83096 -18.102 -16.0115 
20 11.8698 -2.53772 -64.9085 -19.485 -8.87494 -18.143 -15.9554 
21 11.8699 -2.64392 -64.9427 -19.6152 -8.92265 -18.1791 -15.9003 
22 11.8675 -2.75373 -64.9726 -19.7454 -8.966 -18.219 -15.8424 
23 11.8676 -2.85993 -65.0068 -19.8756 -9.01371 -18.2551 -15.7873 
24 11.8653 -2.95602 -65.0389 -19.9986 -9.0608 -18.2903 -15.7303 
25 11.863 -3.05212 -65.071 -20.1216 -9.10788 -18.3254 -15.6733 
26 11.8608 -3.14821 -65.1031 -20.2446 -9.15497 -18.3605 -15.6164 
27 11.8587 -3.23063 -65.1372 -20.3603 -9.20576 -18.3908 -15.5603 
28 11.8543 -3.34785 -65.1732 -20.4862 -9.25769 -18.4297 -15.5046 
29 11.8497 -3.4788 -65.2071 -20.6194 -9.30588 -18.4735 -15.4478 
30 11.8439 -3.61351 -65.2439 -20.7505 -9.35826 -18.5167 -15.3923 
31 11.838 -3.74821 -65.2808 -20.8815 -9.41064 -18.56 -15.3367 
32 11.832 -3.89667 -65.3155 -21.0199 -9.45929 -18.6081 -15.2802 
33 11.8245 -4.04894 -65.3532 -21.1562 -9.51207 -18.6556 -15.2249 
34 11.8187 -4.18365 -65.39 -21.2873 -9.56445 -18.6989 -15.1693 
35 11.8129 -4.31836 -65.4269 -21.4183 -9.61683 -18.7421 -15.1137 
36 11.807 -4.45307 -65.4637 -21.5494 -9.66921 -18.7854 -15.0582 
37 11.7996 -4.60534 -65.5014 -21.6857 -9.72199 -18.8329 -15.0029 
38 11.7919 -4.77137 -65.537 -21.8293 -9.77104 -18.8853 -14.9466 
39 11.7844 -4.92365 -65.5747 -21.9656 -9.82382 -18.9329 -14.8913 
40 11.777 -5.07592 -65.6124 -22.1019 -9.8766 -18.9804 -14.836 
41 11.7677 -5.24578 -65.651 -22.2434 -9.92973 -19.0323 -14.781 
42 11.7523 -5.46865 -65.6921 -22.4009 -9.98361 -19.097 -14.7272 
43 11.7155 -5.8501 -65.7373 -22.6118 -10.0355 -19.2016 -14.6769 
44 11.6462 -6.41059 -65.7856 -22.8636 -10.09 -19.3431 -14.632 
45 11.5554 -7.14048 -65.8261 -23.1549 -10.1448 -19.5206 -14.5861 
46 11.4664 -7.89148 -65.8615 -23.4227 -10.2115 -19.6944 -14.5346 
47 11.3774 -8.64248 -65.8968 -23.6906 -10.2782 -19.8683 -14.483 
48 11.2733 -9.4661 -65.9391 -23.9666 -10.3576 -20.0498 -14.4375 
49 11.1746 -10.2479 -65.9887 -24.2052 -10.4573 -20.2089 -14.394 
50 11.0699 -11.0912 -66.0394 -24.4511 -10.5674 -20.3749 -14.3513 
51 10.9577 -12.0394 -66.0748 -24.719 -10.6713 -20.5674 -14.2985 
52 10.844 -13.0627 -66.0911 -24.9903 -10.7751 -20.77 -14.2353 
53 10.702 -14.311 -66.0844 -25.3174 -10.8669 -21.0253 -14.1638 
54 10.5347 -15.7418 -66.0415 -25.671 -10.9471 -21.3296 -14.0754 
55 10.3669 -17.2688 -65.9508 -26.0192 -11.0237 -21.6547 -13.9676 
56 10.2504 -18.7524 -65.7628 -26.3097 -11.1159 -22.0039 -13.8334 
57 10.3573 -19.886 -65.3758 -26.4462 -11.2554 -22.3552 -13.642 
58 10.4642 -21.0197 -64.9889 -26.5828 -11.3948 -22.7066 -13.4507 
59 11.016 -21.4579 -64.3199 -26.4783 -11.6172 -23.0272 -13.1797 
60 11.734 -21.8131 -63.5869 -26.3188 -11.8567 -23.326 -12.879 
61 12.5718 -22.2098 -62.8393 -26.1641 -12.1049 -23.6081 -12.555 
62 13.4816 -22.6525 -62.0797 -26.0185 -12.3515 -23.8726 -12.2213 
63 14.5103 -23.1409 -61.3099 -25.89 -12.6047 -24.121 -11.8632 
64 15.6194 -23.6763 -60.5261 -25.7588 -12.8602 -24.3542 -11.4906 
65 16.8019 -24.2618 -59.7322 -25.6366 -13.1141 -24.5727 -11.1038 
66 18.1299 -24.8858 -58.934 -25.5352 -13.3809 -24.778 -10.6803 
67 19.5522 -25.5462 -58.1326 -25.4425 -13.6526 -24.969 -10.2337 
68 21.0527 -26.239 -57.3311 -25.3627 -13.9279 -25.153 -9.76334 
69 22.5531 -26.9318 -56.5296 -25.2828 -14.2032 -25.3369 -9.29296 
70 24.16 -27.6433 -55.7308 -25.2211 -14.4898 -25.5141 -8.79216 
71 25.8483 -28.3689 -54.9333 -25.1715 -14.7855 -25.6867 -8.268 
72 27.616 -29.1016 -54.1381 -25.1368 -15.0912 -25.8551 -7.72226 
73 29.4294 -29.8401 -53.3434 -25.1118 -15.4023 -26.022 -7.16385 
74 31.2759 -30.5799 -52.5497 -25.0926 -15.7182 -26.188 -6.59629 
75 33.1263 -31.3212 -51.7557 -25.0737 -16.0341 -26.3527 -6.02828 
76 34.968 -32.0694 -50.9604 -25.0547 -16.3457 -26.5168 -5.46537 
77 36.8051 -32.8227 -50.1655 -25.0453 -16.6535 -26.6846 -4.90477 
78 38.6165 -33.5853 -49.3693 -25.0446 -16.9539 -26.8559 -4.35012 
79 40.4011 -34.3494 -48.5766 -25.0582 -17.2449 -27.0267 -3.80597 
80 42.1856 -35.1135 -47.7838 -25.0719 -17.5358 -27.1975 -3.26181 
81 43.9244 -35.8328 -47.0193 -25.0908 -17.8179 -27.347 -2.73475 
82 45.6141 -36.4781 -46.2986 -25.1124 -18.0909 -27.4599 -2.2311 
83 47.2676 -37.0759 -45.6089 -25.136 -18.3561 -27.5464 -1.7426 
84 48.8606 -37.5858 -44.9713 -25.1575 -18.6129 -27.5912 -1.27662 
85 50.4031 -38.027 -44.3788 -25.1849 -18.8612 -27.6057 -0.826317 
86 51.895 -38.39 -43.8365 -25.2178 -19.1019 -27.5866 -0.39174 
87 53.3158 -38.6409 -43.3665 -25.2611 -19.3329 -27.5227 0.0238914 
88 54.6861 -38.8011 -42.9574 -25.324 -19.5563 -27.4258 0.427451 
89 55.9848 -38.8331 -42.6294 -25.3989 -19.7722 -27.2787 0.814667 
90 57.2017 -38.7598 -42.3669 -25.4862 -19.9779 -27.0927 1.18167 
91 58.4187 -38.6865 -42.1045 -25.5735 -20.1836 -26.9068 1.54868 
92 59.5535 -38.5063 -41.9094 -25.6762 -20.379 -26.6832 1.89679 
93 60.5868 -38.1862 -41.8 -25.8 -20.5626 -26.4114 2.22028 
94 61.542 -37.7589 -41.7533 -25.9315 -20.738 -26.1003 2.52246 
95 62.4097 -37.2301 -41.7667 -26.0786 -20.9024 -25.755 2.80152 
96 63.1924 -36.5784 -41.851 -26.2374 -21.0564 -25.3629 3.05251 
97 63.9206 -35.8199 -41.9905 -26.3961 -21.208 -24.9296 3.28363 
98 64.5824 -34.9528 -42.186 -26.5431 -21.3543 -24.4481 3.48669 
99 65.2119 -34.0038 -42.4121 -26.6667 -21.5022 -23.9278 3.66516 
100 65.8117 -33.0024 -42.6555 -26.7794 -21.6491 -23.3851 3.82315 
101 66.382 -31.9414 -42.9206 -26.8813 -21.7954 -22.8205 3.96 
102 66.9522 -30.8804 -43.1857 -26.9832 -21.9417 -22.2559 4.09685 
103 67.511 -29.7703 -43.4612 -27.0639 -22.0938 -21.6748 4.21909 
104 68.04 -28.6335 -43.7419 -27.1343 -22.2469 -21.0925 4.33199 
105 68.5394 -27.4807 -44.0209 -27.1922 -22.4008 -20.5136 4.43547 
106 68.9897 -26.3043 -44.2974 -27.2298 -22.5551 -19.9384 4.52314 
107 69.3484 -25.1111 -44.5697 -27.247 -22.7013 -19.3726 4.58595 
108 69.6349 -23.8912 -44.8387 -27.2419 -22.8459 -18.8162 4.62857 
109 69.8021 -22.6511 -45.1003 -27.1938 -22.9811 -18.2668 4.63759 
110 69.858 -21.3863 -45.3574 -27.116 -23.1074 -17.7244 4.61415 
111 69.8048 -20.092 -45.6085 -27.0075 -23.2273 -17.1927 4.55922 
112 69.5637 -18.7835 -45.8518 -26.8662 -23.3239 -16.6761 4.45434 
113 69.1938 -17.4555 -46.0893 -26.7027 -23.4062 -16.1718 4.31117 
114 68.824 -16.1275 -46.3269 -26.5393 -23.4884 -15.6676 4.16801 
115 68.3186 -14.7777 -46.5574 -26.3523 -23.5577 -15.1786 3.98781 
116 67.6559 -13.417 -46.7759 -26.1467 -23.6091 -14.7122 3.76581 
117 66.9081 -12.0298 -46.9911 -25.9372 -23.6555 -14.2621 3.52059 
118 66.0285 -10.6224 -47.2021 -25.7161 -23.689 -13.8329 3.24301 
119 65.0482 -9.21442 -47.4096 -25.5179 -23.7089 -13.4379 2.94891 
120 63.9866 -7.79795 -47.6178 -25.3444 -23.7197 -13.0744 2.6438 
121 62.8234 -6.38328 -47.827 -25.2005 -23.7152 -12.7455 2.32491 
122 61.6058 -4.9808 -48.0414 -25.1073 -23.7012 -12.4535 2.00951 
123 60.2779 -3.66813 -48.2414 -25.0752 -23.6632 -12.1865 1.6671 
124 58.95 -2.35547 -48.4414 -25.0431 -23.6252 -11.9196 1.32469 
125 57.2778 -1.56177 -48.5945 -25.302 -23.4529 -11.6864 0.858725 
126 55.3386 -1.15461 -48.7563 -25.7829 -23.154 -11.4694 0.29614 
127 53.246 -0.958895 -48.919 -26.3757 -22.7782 -11.261 -0.319286 
128 51.1452 -0.835961 -49.0936 -27.0115 -22.3817 -11.0542 -0.944203 
129 49.0114 -0.810521 -49.2615 -27.6872 -21.9563 -10.8509 -1.58441 
130 46.9013 -0.850123 -49.428 -28.3833 -21.5183 -10.6488 -2.22517 
131 44.7246 -1.05585 -49.6072 -29.1639 -21.0157 -10.4538 -2.89273 
132 42.5694 -1.33698 -49.8159 -29.9898 -20.4781 -10.2682 -3.55732 
133 40.517 -1.65997 -50.0559 -30.839 -19.925 -10.0962 -4.19566 
134 38.5901 -1.97438 -50.3466 -31.6745 -19.3631 -9.94798 -4.79513 
135 36.6632 -2.28879 -50.6373 -32.5101 -18.8012 -9.79978 -5.3946 
136 34.9235 -2.57796 -50.9339 -33.3021 -18.2646 -9.66923 -5.94089 
137 33.3383 -2.82719 -51.2536 -34.0383 -17.7316 -9.57114 -6.4314 
138 31.9552 -3.03438 -51.6331 -34.7522 -17.2154 -9.50035 -6.86321 
139 30.7633 -3.20261 -52.0282 -35.4101 -16.7194 -9.45736 -7.23479 
140 29.7366 -3.33854 -52.4557 -36.0358 -16.2452 -9.4337 -7.56049 
141 28.8192 -3.46418 -52.8743 -36.6223 -15.7907 -9.419 -7.85631 
142 28.0103 -3.58566 -53.2896 -37.1747 -15.356 -9.41015 -8.12506 
143 27.2753 -3.70699 -53.6856 -37.6926 -14.9421 -9.40218 -8.37714 
144 26.5882 -3.83882 -54.0501 -38.1739 -14.5484 -9.38971 -8.62142 
145 25.9222 -3.97233 -54.3622 -38.5966 -14.1708 -9.37824 -8.8577 
146 25.2906 -4.114 -54.6548 -39.0027 -13.8077 -9.36274 -9.08888 
147 24.659 -4.25566 -54.9475 -39.4088 -13.4447 -9.34724 -9.32005 
148 24.05 -4.40287 -55.1983 -39.7788 -13.0981 -9.32936 -9.54577 
149 23.4739 -4.54219 -55.4437 -40.1304 -12.7565 -9.31847 -9.75925 
150 22.92 -4.67843 -55.6921 -40.4771 -12.4133 -9.31329 -9.96362 
151 22.3921 -4.80982 -55.946 -40.8239 -12.0716 -9.31287 -10.1592 
152 21.869 -4.93766 -56.2041 -41.1682 -11.7267 -9.31622 -10.351 
153 21.3482 -5.06323 -56.4649 -41.5114 -11.38 -9.32169 -10.541 
154 20.833 -5.19328 -56.7381 -41.8773 -11.0302 -9.32599 -10.7313 
155 20.3404 -5.32718 -57.0476 -42.2829 -10.6753 -9.32961 -10.9193 
156 19.8592 -5.4631 -57.3753 -42.7086 -10.318 -9.33285 -11.1062 
157 19.4549 -5.61089 -57.8334 -43.2898 -9.94108 -9.33553 -11.285 
158 19.0507 -5.75869 -58.2914 -43.871 -9.56415 -9.33821 -11.4638 
159 18.7512 -5.89968 -58.8361 -44.5608 -9.19115 -9.34213 -11.6247 
160 18.6021 -6.04346 -59.4946 -45.4299 -8.82767 -9.34316 -11.7625 
161 18.7123 -6.22865 -60.3333 -46.7212 -8.48745 -9.3281 -11.8669 
162 19.0882 -6.45305 -61.2391 -48.4347 -8.21657 -9.29778 -11.9341 
163 19.7752 -6.77081 -62.1134 -50.791 -8.06776 -9.26114 -11.9666 
164 20.6335 -7.16203 -62.798 -53.5579 -8.03971 -9.335 -11.9954 
165 21.5051 -7.53171 -63.4124 -56.305 -8.04321 -9.46582 -12.0179 
166 22.3591 -7.88158 -63.9495 -58.9713 -8.06367 -9.68528 -12.0453 
167 23.1876 -8.19854 -64.4375 -61.5004 -8.08935 -9.95988 -12.0709 
168 23.9804 -8.49366 -64.8549 -63.907 -8.12464 -10.3146 -12.1062 
169 24.7731 -8.78878 -65.2723 -66.3136 -8.15993 -10.6693 -12.1414 
170 25.5417 -9.056 -65.6359 -68.5961 -8.19498 -11.0695 -12.1771 
171 26.2816 -9.30368 -65.9207 -70.7698 -8.23439 -11.5387 -12.2221 
172 27.0028 -9.52749 -66.1683 -72.8571 -8.27392 -12.0207 -12.2656 
173 27.6948 -9.72278 -66.3809 -74.8122 -8.30919 -12.5177 -12.307 
174 28.3598 -9.89137 -66.5549 -76.6649 -8.34658 -13.0253 -12.3481 
175 29.005 -10.0349 -66.6812 -78.4105 -8.37557 -13.533 -12.3873 
176 29.6252 -10.1502 -66.7632 -80.0432 -8.40117 -14.0448 -12.4247 
177 30.2245 -10.2379 -66.8198 -81.5887 -8.4234 -14.5354 -12.4564 
178 30.8058 -10.292 -66.8398 -83.0204 -8.43292 -14.9893 -12.479 
179 31.3692 -10.3163 -66.8346 -84.3602 -8.43819 -15.416 -12.4948 
180 31.9325 -10.3406 -66.8295 -85.6999 -8.44346 -15.8427 -12.5106 
181 32.4783 -10.3384 -66.7866 -86.958 -8.44039 -16.2318 -12.5198 
182 33.006 -10.3094 -66.7151 -88.1223 -8.42813 -16.5968 -12.5222 
183 33.5202 -10.2583 -66.6202 -89.2169 -8.41046 -16.9393 -12.5193 
184 34.0223 -10.188 -66.5015 -90.2474 -8.38569 -17.2615 -12.5115 
185 34.5053 -10.0963 -66.3655 -91.2008 -8.35719 -17.5727 -12.4992 
186 34.9818 -9.99374 -66.2162 -92.1201 -8.32531 -17.8719 -12.4841 
187 35.4485 -9.87874 -66.0609 -92.9804 -8.28794 -18.163 -12.4654 
188 35.8982 -9.75734 -65.8988 -93.8105 -8.25478 -18.4499 -12.4467 
189 36.0418 -9.61797 -65.5941 -94.1804 -8.24628 -18.5119 -12.4399 
190 36.2681 -9.46943 -65.4206 -94.6567 -8.22839 -18.6253 -12.4247 
191 36.4945 -9.32088 -65.247 -95.1331 -8.2105 -18.7388 -12.4095 
192 36.6239 -9.17378 -65.0468 -95.4521 -8.20161 -18.7951 -12.4011 
193 36.6936 -9.03362 -64.8319 -95.6206 -8.1981 -18.8136 -12.3938 
194 36.7675 -8.89564 -64.6223 -95.759 -8.19412 -18.8333 -12.3839 
195 36.907 -8.74353 -64.529 -96.0026 -8.18197 -18.8947 -12.3676 
196 36.9651 -8.60854 -64.4324 -96.0792 -8.17697 -18.9123 -12.3575 
197 37.0156 -8.48938 -64.3172 -96.0816 -8.17239 -18.9212 -12.345 
198 37.0336 -8.36649 -64.3143 -96.0721 -8.16975 -18.9242 -12.3383 
199 37.035 -8.25151 -64.3315 -96.042 -8.1691 -18.9221 -12.3342 
200 37.0351 -8.13985 -64.3482 -96.006 -8.16866 -18.9194 -12.3301 
201 37.0344 -8.03143 -64.3644 -95.9651 -8.16836 -18.9163 -12.3261 
202 37.0338 -7.92302 -64.3806 -95.9242 -8.16805 -18.9132 -12.322 
203 37.0326 -7.81783 -64.3962 -95.8788 -8.16783 -18.9098 -12.318 
204 37.0348 -7.71562 -64.3914 -95.8224 -8.16757 -18.9054 -12.3125 
205 37.0294 -7.60728 -64.4339 -95.7934 -8.1674 -18.9036 -12.3105 
206 37.0283 -7.50209 -64.4496 -95.748 -8.16718 -18.9002 -12.3065 
207 37.0271 -7.3969 -64.4652 -95.7026 -8.16697 -18.8968 -12.3024 
208 37.026 -7.29171 -64.4809 -95.6571 -8.16675 -18.8935 -12.2984 
209 37.0282 -7.1895 -64.4761 -95.6008 -8.16648 -18.8891 -12.2929 
210 37.0268 -7.08752 -64.4911 -95.5511 -8.16633 -18.8855 -12.2888 
211 37.0252 -6.98873 -64.5056 -95.4974 -8.16621 -18.8818 -12.2847 
212 37.0236 -6.89312 -64.5195 -95.4397 -8.16613 -18.8781 -12.2806 
213 37.0219 -6.79751 -64.5333 -95.382 -8.16604 -18.8743 -12.2765 
214 37.0204 -6.70464 -64.5449 -95.3536 -8.16601 -18.8723 -12.2744 
215 37.0191 -6.6145 -64.5541 -95.3547 -8.16599 -18.8722 -12.2745 
216 37.0182 -6.52708 -64.561 -95.3854 -8.16597 -18.8739 -12.2766 
217 37.0174 -6.44598 -64.5666 -95.4088 -8.16596 -18.8755 -12.2786 
218 37.0199 -6.37739 -64.5498 -95.4097 -8.16596 -18.8761 -12.2789 
219 37.0195 -6.31211 -64.5522 -95.4145 -8.16595 -18.8777 -12.2807 
220 37.0196 -6.24954 -64.5523 -95.449 -8.16594 -18.8812 -12.2845 
221 37.0198 -6.1933 -64.5512 -95.4762 -8.16594 -18.8847 -12.2882 
222 37.0202 -6.14654 -64.5481 -95.4922 -8.16593 -18.8881 -12.2918 
223 37.0209 -6.10612 -64.5437 -95.5009 -8.16592 -18.8916 -12.2952 
224 37.0216 -6.06569 -64.5394 -95.5096 -8.16591 -18.895 -12.2987 
225 37.0214 -6.02824 -64.5407 -95.5202 -8.1659 -18.899 -12.3027 
226 37.0184 -5.99409 -64.5613 -95.5347 -8.16587 -18.9041 -12.308 
227 37.0196 -5.96948 -64.5538 -95.525 -8.16585 -18.9075 -12.3112 
228 37.0169 -5.94482 -64.5725 -95.5285 -8.16582 -18.9126 -12.3165 
229 37.0143 -5.92332 -64.5905 -95.5283 -8.16577 -18.9177 -12.3216 
230 37.0158 -5.90818 -64.5811 -95.5075 -8.16573 -18.9212 -12.3247 
231 37.0173 -5.89304 -64.5716 -95.4868 -8.1657 -18.9246 -12.3278 
232 37.0188 -5.87791 -64.5622 -95.466 -8.16566 -18.928 -12.3308 
233 37.0203 -5.86277 -64.5528 -95.4452 -8.16562 -18.9314 -12.3339 
234 37.0218 -5.84763 -64.5433 -95.4244 -8.16558 -18.9348 -12.337 
235 37.0261 -5.83912 -64.5145 -95.3553 -8.16555 -18.9352 -12.3364 
236 37.0305 -5.83061 -64.4856 -95.2862 -8.16551 -18.9356 -12.3358 
237 37.035 -5.81849 -64.4556 -95.2541 -8.16548 -18.9379 -12.3374 
238 37.0365 -5.80336 -64.4462 -95.2333 -8.16544 -18.9413 -12.3405 
239 37.038 -5.78822 -64.4368 -95.2125 -8.1654 -18.9447 -12.3435 
240 37.0425 -5.7761 -64.4068 -95.1804 -8.16537 -18.947 -12.3451 
241 37.044 -5.76096 -64.3974 -95.1597 -8.16533 -18.9504 -12.3482 
242 37.0445 -5.74564 -64.3943 -95.1445 -8.16528 -18.9543 -12.3518 
243 37.046 -5.7305 -64.3848 -95.1237 -8.16525 -18.9577 -12.3549 
244 37.0475 -5.71536 -64.3754 -95.1029 -8.16521 -18.9612 -12.358 
245 37.049 -5.70023 -64.366 -95.0822 -8.16517 -18.9646 -12.361 
246 37.0535 -5.68811 -64.336 -95.0501 -8.16513 -18.9668 -12.3626 
247 37.058 -5.67598 -64.306 -95.018 -8.1651 -18.9691 -12.3642 
248 37.0595 -5.66085 -64.2966 -94.9972 -8.16506 -18.9725 -12.3673 
249 37.0601 -5.64552 -64.2935 -94.982 -8.16501 -18.9765 -12.3709 
