0 -33.9111 -4.90723 -137.109 -62.9883 -7.32422 -17.3584 -32.373 0 0 0 0 0 0 0.0732002 
1 -33.9111 -4.90723 -137.109 -62.9883 -7.32422 -17.3584 -32.2998 0 0 0 0 0 0 8.72614e-09 
2 -33.9111 -4.90723 -137.109 -62.9883 -7.32422 -17.3584 -32.2998 0 0 0 0 0 0 0.0732002 
3 -33.9111 -4.90723 -137.109 -62.9883 -7.32422 -17.3584 -32.2266 0 0 0 0 0 0 0.0732994 
4 -33.9111 -4.90723 -137.109 -62.9883 -7.32422 -17.3584 -32.1533 0 0 0 0 0 0 0.0732002 
5 -33.9111 -4.90723 -137.109 -62.9883 -7.32422 -17.3584 -32.0801 0 0 0 0 0 0 0 
6 -33.9111 -4.90723 -137.109 -62.9883 -7.32422 -17.3584 -32.0801 0 0 0 0 0 0 0.0732994 
7 -33.9111 -4.90723 -137.109 -62.9883 -7.32422 -17.3584 -32.0068 0 0 0 0 0 0 0.0732021 
8 -33.9111 -4.90723 -137.109 -62.9883 -7.32422 -17.3584 -31.9336 0 0 0 0 0 1.74523e-08 1.74527e-08 
9 -33.9111 -4.90723 -137.109 -62.9883 -7.32422 -17.3584 -31.9336 0 0 0 0 0 -0.0732002 0 
10 -33.9111 -4.90723 -137.109 -62.9883 -7.32422 -17.4316 -31.9336 0 0 0 0 0 0 0.0732002 
11 -33.9111 -4.90723 -137.109 -62.9883 -7.32422 -17.4316 -31.8604 0 0 0 0 0 0 0.0732994 
12 -33.9111 -4.90723 -137.109 -62.9883 -7.32422 -17.4316 -31.7871 0 0 0 0 0 0 0.292999 
13 -33.9111 -4.90723 -137.109 -62.9883 -7.32422 -17.4316 -31.4941 0 -0.8789 0 0 0 -0.0732994 0.366201 
14 -33.9111 -5.78613 -137.109 -62.9883 -7.32422 -17.5049 -31.1279 0 -1.97754 0 0 0 0 0.512699 
15 -33.9111 -7.76367 -137.109 -62.9883 -7.32422 -17.5049 -30.6152 0 -1.75781 0 0 0 0 0.732401 
16 -33.9111 -9.52148 -137.109 -62.9883 -7.32422 -17.5049 -29.8828 0 2.09575e-07 -1.39713e-07 1.39666e-07 0 0 3.49054e-08 
17 -33.9111 -9.52148 -137.109 -62.9883 -7.32422 -17.5049 -29.8828 0 -2.19732 0.292999 -0.2929 0 0 0.659199 
18 -33.9111 -11.7188 -136.816 -63.2812 -7.32422 -17.5049 -29.2236 0 -3.0029 -0.292999 0 -0.29297 0 0.512701 
19 -33.9111 -14.7217 -137.109 -63.2812 -7.61719 -17.5049 -28.7109 0 -2.3437 0.292999 0 -0.8789 0.0732994 0.2929 
20 -33.9111 -17.0654 -136.816 -63.2812 -8.49609 -17.4316 -28.418 0 -3.2227 -0.292999 0 -1.17188 0.0732002 0.1465 
21 -33.9111 -20.2881 -137.109 -63.2812 -9.66797 -17.3584 -28.2715 0 -2.6367 0 0 -0.87893 0.293001 0.1465 
22 -33.9111 -22.9248 -137.109 -63.2812 -10.5469 -17.0654 -28.125 0 -2.71 0 0 -2.0508 0.1465 0.1465 
23 -33.9111 -25.6348 -137.109 -63.2812 -12.5977 -16.9189 -27.9785 0 -3.0029 0 0 -1.7578 0.2929 0.0732002 
24 -33.9111 -28.6377 -137.109 -63.2812 -14.3555 -16.626 -27.9053 0 -2.3437 0.292999 0 -1.7578 0.585999 0.0732994 
25 -33.9111 -30.9814 -136.816 -63.2812 -16.1133 -16.04 -27.832 0 -2.7832 0 0 -1.4648 0.732401 0 
26 -33.9111 -33.7646 -136.816 -63.2812 -17.5781 -15.3076 -27.832 0 -2.1973 0 0 -1.1719 0.7324 0 
27 -33.9111 -35.9619 -136.816 -63.2812 -18.75 -14.5752 -27.832 0 0 0 0 0 0 0 
28 -33.9111 -35.9619 -136.816 -63.2812 -18.75 -14.5752 -27.832 0 -1.9776 -0.292999 0 -0.878901 0.878901 0 
29 -33.9111 -37.9395 -137.109 -63.2812 -19.6289 -13.6963 -27.832 0 -2.124 0.292999 0 -0.878899 0.4395 0 
30 -33.9111 -40.0635 -136.816 -63.2812 -20.5078 -13.2568 -27.832 0 -1.2451 0 0 -0.293001 0.4394 0 
31 -33.9111 -41.3086 -136.816 -63.2812 -20.8008 -12.8174 -27.832 0 -1.0254 0 0 -0.292999 0.293 0 
32 -33.9111 -42.334 -136.816 -63.2812 -21.0938 -12.5244 -27.832 0 -1.4648 0.877991 0 -2.79426e-07 0.2197 0 
33 -33.9111 -43.7988 -135.938 -63.2812 -21.0938 -12.3047 -27.832 0 -0.952198 0 0 0 0.0733004 0 
34 -33.9111 -44.751 -135.938 -63.2812 -21.0938 -12.2314 -27.832 0 -0.878902 0.585999 0 -0.2929 0 0.146502 
35 -33.9111 -45.6299 -135.352 -63.2812 -21.3867 -12.2314 -27.6855 0.366199 -0.732399 0.585999 0 0 0 0.2929 
36 -33.5449 -46.3623 -134.766 -63.2812 -21.3867 -12.2314 -27.3926 1.0986 -0.878899 0.879013 0.2929 -0.586 -0.0733004 0.292999 
37 -32.4463 -47.2412 -133.887 -62.9883 -21.9727 -12.3047 -27.0996 1.5381 -1.0986 0.878998 0.585999 0 0.0733004 0.4394 
38 -30.9082 -48.3398 -133.008 -62.4023 -21.9727 -12.2314 -26.6602 0 0 0 0 0 0 0 
39 -30.9082 -48.3398 -133.008 -62.4023 -21.9727 -12.2314 -26.6602 1.6113 -0.732498 1.172 0.2929 -0.585899 0 0.439501 
40 -29.2969 -49.0723 -131.836 -62.1094 -22.5586 -12.2314 -26.2207 2.0508 -0.6591 1.172 0.878902 -0.585901 0 0.292999 
41 -27.2461 -49.7314 -130.664 -61.2305 -23.1445 -12.2314 -25.9277 3.3691 -0.659199 2.05099 0.878899 -0.292999 0 0.2929 
42 -23.877 -50.3906 -128.613 -60.3516 -23.4375 -12.2314 -25.6348 3.0762 -0.146503 1.758 2.0508 -1.1719 -0.0733004 0.219799 
43 -20.8008 -50.5371 -126.855 -58.3008 -24.6094 -12.3047 -25.415 3.3692 -0.0732994 2.343 2.6367 -1.4648 -0.2197 0.2929 
44 -17.4316 -50.6104 -124.512 -55.6641 -26.0742 -12.5244 -25.1221 4.7607 0 2.344 2.9297 -1.4649 -0.5127 0.366201 
45 -12.6709 -50.6104 -122.168 -52.7344 -27.5391 -13.0371 -24.7559 3.95508 0 2.051 4.1016 -1.7578 -0.5127 0.292999 
46 -8.71582 -50.6104 -120.117 -48.6328 -29.2969 -13.5498 -24.4629 5.12695 0 2.63699 3.5156 -1.4648 -0.5127 0.292999 
47 -3.58887 -50.6104 -117.48 -45.1172 -30.7617 -14.0625 -24.1699 4.32129 0.439503 2.343 4.1016 -1.7578 -0.5127 0.585901 
48 0.732422 -50.1709 -115.137 -41.0156 -32.5195 -14.5752 -23.584 4.02832 1.3916 2.93 4.3945 -2.3438 -0.2197 0.586 
49 4.76074 -48.7793 -112.207 -36.6211 -34.8633 -14.7949 -22.998 0 0 0 0 0 0 0 
50 4.76074 -48.7793 -112.207 -36.6211 -34.8633 -14.7949 -22.998 4.83399 1.8311 2.637 4.1016 -2.0508 -0.1465 0.805599 
51 9.59473 -46.9482 -109.57 -32.5195 -36.9141 -14.9414 -22.1924 3.44237 1.3183 1.758 4.3945 -2.3437 0 0.366199 
52 13.0371 -45.6299 -107.812 -28.125 -39.2578 -14.9414 -21.8262 3.8086 1.7578 2.05 2.9297 -2.0508 0 0.512701 
53 16.8457 -43.8721 -105.762 -25.1953 -41.3086 -14.9414 -21.3135 2.5635 1.3184 1.172 2.0508 -1.7578 0.0731993 0.2197 
54 19.4092 -42.5537 -104.59 -23.1445 -43.0664 -14.8682 -21.0938 2.0508 1.2451 0.292999 2.0507 -2.0508 0.0733004 0.0732994 
55 21.46 -41.3086 -104.297 -21.0938 -45.1172 -14.7949 -21.0205 2.2705 1.0986 0 0.879 -1.4648 0.0732002 0 
56 23.7305 -40.21 -104.297 -20.2148 -46.582 -14.7217 -21.0205 1.6845 0.585999 -0.292999 0.2929 -0.878899 0.292999 0 
57 25.415 -39.624 -104.59 -19.9219 -47.4609 -14.4287 -21.0205 1.3916 0.4394 -0.879005 0 -0.292999 0.3662 0 
58 26.8066 -39.1846 -105.469 -19.9219 -47.7539 -14.0625 -21.0205 1.5381 0.512699 -0.585999 0 -0.293003 0.3662 0.0732002 
59 28.3447 -38.6719 -106.055 -19.9219 -48.0469 -13.6963 -20.9473 1.2451 0.366203 -0.878998 0 0 0.366199 0 
60 29.5898 -38.3057 -106.934 -19.9219 -48.0469 -13.3301 -20.9473 0 0 0 0 0 0 0 
61 29.5898 -38.3057 -106.934 -19.9219 -48.0469 -13.3301 -20.9473 0.9522 0.292999 -0.877998 0 0 0.2197 0 
62 30.542 -38.0127 -107.812 -19.9219 -48.0469 -13.1104 -20.9473 0.952101 0.292999 -0.879005 0 0 0.146501 -0.0732002 
63 31.4941 -37.7197 -108.691 -19.9219 -48.0469 -12.9639 -21.0205 0.585999 0.2197 -0.292998 0 0 -2.79426e-07 0.0732003 
64 32.0801 -37.5 -108.984 -19.9219 -48.0469 -12.9639 -20.9473 0.439401 0.2197 -0.585999 0 0 0 1.39618e-07 
65 32.5195 -37.2803 -109.57 -19.9219 -48.0469 -12.9639 -20.9473 0.292999 0.1465 -0.292999 0 0 0 0 
66 32.8125 -37.1338 -109.863 -19.9219 -48.0469 -12.9639 -20.9473 0.2197 0.292999 -0.292999 0 0 -0.0732002 0 
67 33.0322 -36.8408 -110.156 -19.9219 -48.0469 -13.0371 -20.9473 0.0732994 0.2929 0 0 0 0 -0.0732002 
68 33.1055 -36.5479 -110.156 -19.9219 -48.0469 -13.0371 -21.0205 0 0.292999 0 0 0 -0.0733004 0 
69 33.1055 -36.2549 -110.156 -19.9219 -48.0469 -13.1104 -21.0205 0 0.878902 -0.292999 0 0 -0.0732002 0 
70 33.1055 -35.376 -110.449 -19.9219 -48.0469 -13.1836 -21.0205 0 1.0254 0 -0.2929 0 -0.0731993 -0.0732994 
71 33.1055 -34.3506 -110.449 -20.2148 -48.0469 -13.2568 -21.0938 0 0 0 0 0 0 0 
72 33.1055 -34.3506 -110.449 -20.2148 -48.0469 -13.2568 -21.0938 0 1.2451 0 0 0 -0.146501 -0.2197 
73 33.1055 -33.1055 -110.449 -20.2148 -48.0469 -13.4033 -21.3135 0 1.8311 0 -0.292999 0 -0.1465 -0.366201 
74 33.1055 -31.2744 -110.449 -20.5078 -48.0469 -13.5498 -21.6797 -0.1465 1.9043 0 -0.293001 0 -0.293 -0.2197 
75 32.959 -29.3701 -110.449 -20.8008 -48.0469 -13.8428 -21.8994 -0.2197 2.7832 0 0 0 -0.2197 -0.2197 
76 32.7393 -26.5869 -110.449 -20.8008 -48.0469 -14.0625 -22.1191 -0.1465 2.124 0 -0.292999 0 -0.3662 -0.219799 
77 32.5928 -24.4629 -110.449 -21.0938 -48.0469 -14.4287 -22.3389 -0.219799 2.2705 0 0 0 -0.292999 -0.1465 
78 32.373 -22.1924 -110.449 -21.0938 -48.0469 -14.7217 -22.4854 -0.2929 2.8565 0.292999 0 0 -0.3662 -0.2197 
79 32.0801 -19.3359 -110.156 -21.0938 -48.0469 -15.0879 -22.7051 -0.219702 2.0507 0 0 0 -0.4394 -0.439402 
80 31.8604 -17.2852 -110.156 -21.0938 -48.0469 -15.5273 -23.1445 -0.292999 2.1241 0.292999 0 0 -0.293 -0.439499 
81 31.5674 -15.1611 -109.863 -21.0938 -48.0469 -15.8203 -23.584 -0.2197 2.5634 0.292999 0 0 -0.293 -0.512701 
82 31.3477 -12.5977 -109.57 -21.0938 -48.0469 -16.1133 -24.0967 -0.0732994 1.9776 0.585999 0 0 -0.1465 -0.585899 
83 31.2744 -10.6201 -108.984 -21.0938 -48.0469 -16.2598 -24.6826 0 0 0 0 0 0 0 
84 31.2744 -10.6201 -108.984 -21.0938 -48.0469 -16.2598 -24.6826 0 2.05076 0.292999 0 0 0 -0.366199 
85 31.2744 -8.56934 -108.691 -21.0938 -48.0469 -16.2598 -25.0488 0 1.53809 0.879005 0 0 -0.0732002 -0.366201 
86 31.2744 -7.03125 -107.812 -21.0938 -48.0469 -16.333 -25.415 0 1.61133 -0.293007 -0.2929 0 0.0732002 -0.0732994 
87 31.2744 -5.41992 -108.105 -21.3867 -48.0469 -16.2598 -25.4883 0 1.83105 0.293007 0 0 0 -0.2929 
88 31.2744 -3.58887 -107.812 -21.3867 -48.0469 -16.2598 -25.7812 0 1.3916 0 0 0 0 -0.1465 
89 31.2744 -2.19727 -107.812 -21.3867 -48.0469 -16.2598 -25.9277 0 1.46485 0 0 -0.2929 -0.0732002 -0.0732994 
90 31.2744 -0.732422 -107.812 -21.3867 -48.3398 -16.333 -26.001 0.1465 1.46484 0 0 0 -0.2197 -0.0732002 
91 31.4209 0.732422 -107.812 -21.3867 -48.3398 -16.5527 -26.0742 0.292999 0.732418 -0.293007 -0.586 0 -0.0732994 0 
92 31.7139 1.46484 -108.105 -21.9727 -48.3398 -16.626 -26.0742 0.1465 0.43946 0 0 0 0 0 
93 31.8604 1.9043 -108.105 -21.9727 -48.3398 -16.626 -26.0742 0 0 0 0 0 0 0 
94 31.8604 1.9043 -108.105 -21.9727 -48.3398 -16.626 -26.0742 0 0.07324 0 -0.2929 0 0 0 
95 31.8604 1.97754 -108.105 -22.2656 -48.3398 -16.626 -26.0742 0 0.36621 0 -0.292999 0 0 -0.0732994 
96 31.8604 2.34375 -108.105 -22.5586 -48.3398 -16.626 -26.1475 0 0.14648 0 -0.585901 0 0 0 
97 31.8604 2.49023 -108.105 -23.1445 -48.3398 -16.626 -26.1475 -0.659199 0 0 -0.292999 0 0 0 
98 31.2012 2.49023 -108.105 -23.4375 -48.3398 -16.626 -26.1475 -0.878901 0 0 -0.585899 0 0 -0.0732002 
99 30.3223 2.49023 -108.105 -24.0234 -48.3398 -16.626 -26.2207 -1.9043 0 0 -0.878901 0 -0.0732002 -0.2197 
100 28.418 2.49023 -108.105 -24.9023 -48.3398 -16.6992 -26.4404 -1.4649 0 0 -0.878901 0.2929 0 -0.293001 
101 26.9531 2.49023 -108.105 -25.7812 -48.0469 -16.6992 -26.7334 -2.2705 0 0 -1.1719 0.293003 0 -0.512699 
102 24.6826 2.49023 -108.105 -26.9531 -47.7539 -16.6992 -27.2461 -2.3437 0 4.10101 -0.878901 0.292999 0 -0.585901 
103 22.3389 2.49023 -104.004 -27.832 -47.4609 -16.6992 -27.832 -2.2705 -0.51269 1.172 -1.7578 0.878899 0 -0.512699 
104 20.0684 1.97754 -102.832 -29.5898 -46.582 -16.6992 -28.3447 0 0 0 0 0 0 0 
105 20.0684 1.97754 -102.832 -29.5898 -46.582 -16.6992 -28.3447 -2.9297 -0.87891 0.585999 -0.879 0.2929 -0.1465 -0.659201 
106 17.1387 1.09863 -102.246 -30.4688 -46.2891 -16.8457 -29.0039 -2.4903 -0.805661 0.879005 -1.4648 0.292999 -0.146502 -0.366199 
107 14.6484 0.292969 -101.367 -31.9336 -45.9961 -16.9922 -29.3701 -2.6367 -0.732422 1.172 -1.1719 0.585903 -0.292999 -0.292999 
108 12.0117 -0.439453 -100.195 -33.1055 -45.4102 -17.2852 -29.6631 -3.51561 -0.952147 0.292702 -0.878902 0.585999 -0.512699 -0.2197 
109 8.49609 -1.3916 -99.9023 -33.9844 -44.8242 -17.7979 -29.8828 -2.56347 -0.87891 0.585899 -1.1718 1.1719 -0.366201 -0.146502 
110 5.93262 -2.27051 -99.3164 -35.1562 -43.6523 -18.1641 -30.0293 -3.14942 -1.02539 0 -0.585999 1.1718 -0.366199 0 
111 2.7832 -3.2959 -99.3164 -35.7422 -42.4805 -18.5303 -30.0293 -2.63672 -0.80566 0 -1.1719 1.1719 -0.4394 -0.1465 
112 0.146484 -4.10156 -99.3164 -36.9141 -41.3086 -18.9697 -30.1758 -2.49023 -0.87891 0.292999 -0.878899 1.1719 -0.292999 -0.1465 
113 -2.34375 -4.98047 -99.0234 -37.793 -40.1367 -19.2627 -30.3223 -2.92969 -1.24512 -0.292999 -1.4648 1.1719 -0.293001 -0.2197 
114 -5.27344 -6.22559 -99.3164 -39.2578 -38.9648 -19.5557 -30.542 -2.27051 -1.02539 -0.292999 -0.878899 1.1718 -0.2197 -0.292999 
115 -7.54395 -7.25098 -99.6094 -40.1367 -37.793 -19.7754 -30.835 -2.19726 -1.3916 -0.585602 -0.878899 1.4649 -0.0732002 -0.2929 
116 -9.74121 -8.64258 -100.195 -41.0156 -36.3281 -19.8486 -31.1279 0 0 0 0 0 0 0 
117 -9.74121 -8.64258 -100.195 -41.0156 -36.3281 -19.8486 -31.1279 -2.70999 -1.09863 -0.292999 -1.7578 1.1719 0 -0.293001 
118 -12.4512 -9.74121 -100.488 -42.7734 -35.1562 -19.8486 -31.4209 -1.9775 -0.95219 -0.878998 -1.4649 2.0507 0 -0.292999 
119 -14.4287 -10.6934 -101.367 -44.2383 -33.1055 -19.8486 -31.7139 -2.3438 -0.8789 -0.293007 -1.4648 1.1719 0.0732002 -0.1465 
120 -16.7725 -11.5723 -101.66 -45.7031 -31.9336 -19.7754 -31.8604 -1.6113 -0.5859 -1.172 -1.4649 2.0508 0.1465 -0.0732002 
121 -18.3838 -12.1582 -102.832 -47.168 -29.8828 -19.6289 -31.9336 -1.4648 -0.6592 -1.172 -1.1718 1.1719 0.0732002 0.0732002 
122 -19.8486 -12.8174 -104.004 -48.3398 -28.7109 -19.5557 -31.8604 -1.6846 -0.3662 -0.585999 -1.7579 1.7578 0.0732994 -0.0732002 
123 -21.5332 -13.1836 -104.59 -50.0977 -26.9531 -19.4824 -31.9336 -1.1719 -0.2197 -1.172 -1.1718 1.4648 0.219702 0 
124 -22.7051 -13.4033 -105.762 -51.2695 -25.4883 -19.2627 -31.9336 -1.0254 -0.292999 -0.292999 -1.4649 0.878901 0.2197 0.0732002 
125 -23.7305 -13.6963 -106.055 -52.7344 -24.6094 -19.043 -31.8604 -0.659101 -0.219701 -0.292999 -1.1718 0.586 0.366199 0 
126 -24.3896 -13.916 -106.348 -53.9062 -24.0234 -18.6768 -31.8604 -0.585997 -0.146499 1.11769e-06 -1.4649 1.1718 0.3663 2.13039e-12 
127 -24.9756 -14.0625 -106.348 -55.3711 -22.8516 -18.3105 -31.8604 0 0 0 0 0 0 0 
128 -24.9756 -14.0625 -106.348 -55.3711 -22.8516 -18.3105 -31.8604 -0.293001 -0.146499 0 -0.585896 0.585998 0.512598 -0.0732002 
129 -25.2686 -14.209 -106.348 -55.957 -22.2656 -17.7979 -31.9336 0 -0.293 0 -0.878899 0.585899 0.585999 0 
130 -25.2686 -14.502 -106.348 -56.8359 -21.6797 -17.2119 -31.9336 0 -0.4394 0.878998 -1.1719 0.293001 0.512701 0 
131 -25.2686 -14.9414 -105.469 -58.0078 -21.3867 -16.6992 -31.9336 0 -0.5127 1.758 -0.292999 0 0.585899 0 
132 -25.2686 -15.4541 -103.711 -58.3008 -21.3867 -16.1133 -31.9336 0.219801 -0.659201 2.344 -0.585899 0 0.293 0.0732002 
133 -25.0488 -16.1133 -101.367 -58.8867 -21.3867 -15.8203 -31.8604 1.3916 -0.878901 2.3436 -0.585999 0 0.0732002 -0.0732002 
134 -23.6572 -16.9922 -99.0234 -59.4727 -21.3867 -15.7471 -31.9336 1.1718 -0.878899 2.6367 -0.2929 -0.293001 0.0732994 0 
135 -22.4854 -17.8711 -96.3867 -59.7656 -21.6797 -15.6738 -31.9336 1.3916 -0.659201 3.5156 0 -0.292999 -0.0732994 0 
136 -21.0938 -18.5303 -92.8711 -59.7656 -21.9727 -15.7471 -31.9336 1.8311 -0.659201 2.9297 0 -0.2929 0 0 
137 -19.2627 -19.1895 -89.9414 -59.7656 -22.2656 -15.7471 -31.9336 1.6846 -0.4394 2.9297 0 -0.586 0 0.0732002 
138 -17.5781 -19.6289 -87.0117 -59.7656 -22.8516 -15.7471 -31.8604 0 0 0 0 0 0 0 
139 -17.5781 -19.6289 -87.0117 -59.7656 -22.8516 -15.7471 -31.8604 2.1972 -0.439499 3.2226 0 -0.2929 0.0732994 -0.0732002 
140 -15.3809 -20.0684 -83.7891 -59.7656 -23.1445 -15.6738 -31.9336 1.6846 -0.2929 3.2227 -0.586002 -0.292999 -0.0732994 0.0732002 
141 -13.6963 -20.3613 -80.5664 -60.3516 -23.4375 -15.7471 -31.8604 1.8311 -0.219801 2.0508 0 -0.585899 0 0 
142 -11.8652 -20.5811 -78.5156 -60.3516 -24.0234 -15.7471 -31.8604 1.9775 -0.1464 2.6367 -0.2929 -0.293001 0 -0.0732002 
143 -9.8877 -20.7275 -75.8789 -60.6445 -24.3164 -15.7471 -31.9336 1.46485 0 0.585899 -0.292999 -0.292999 -0.0732002 0.0732002 
144 -8.42285 -20.7275 -75.293 -60.9375 -24.6094 -15.8203 -31.8604 1.46484 0 0 -0.585899 -0.2929 -0.1465 0 
145 -6.95801 -20.7275 -75.293 -61.5234 -24.9023 -15.9668 -31.8604 1.75781 0 0 -0.586002 -0.586 -0.146501 0.0732994 
146 -5.2002 -20.7275 -75.293 -62.1094 -25.4883 -16.1133 -31.7871 1.31836 0 0 -0.585899 0 -0.0732002 0.1465 
147 -3.88184 -20.7275 -75.293 -62.6953 -25.4883 -16.1865 -31.6406 1.39161 0 0 -1.4649 0 0 0.0732002 
148 -2.49023 -20.7275 -75.293 -64.1602 -25.4883 -16.1865 -31.5674 1.68457 0 0 -1.4648 0 -0.0732994 0 
149 -0.805664 -20.7275 -75.293 -65.625 -25.4883 -16.2598 -31.5674 0 0 0 0 0 0 0 
150 -0.805664 -20.7275 -75.293 -65.625 -25.4883 -16.2598 -31.5674 1.17188 0 7.9102 -2.0508 0 0.0732994 0.1465 
151 0.366211 -20.7275 -67.3828 -67.6758 -25.4883 -16.1865 -31.4209 1.46484 0 0.585899 -1.7578 -0.2929 0 0.1465 
152 1.83105 -20.7275 -66.7969 -69.4336 -25.7812 -16.1865 -31.2744 1.09864 0 0.292999 -1.7578 0 0 0.0732002 
153 2.92969 -20.7275 -66.5039 -71.1914 -25.7812 -16.1865 -31.2012 1.24511 0 0.292999 -2.0508 0 -0.0732994 0.0733013 
154 4.1748 -20.7275 -66.2109 -73.2422 -25.7812 -16.2598 -31.1279 1.68458 0 0.585899 -2.0508 0 0.0732994 0 
155 5.85938 -20.7275 -65.625 -75.293 -25.7812 -16.1865 -31.1279 1.3916 0 0.292999 -2.0508 0 -0.0732994 0.0731983 
156 7.25098 -20.7275 -65.332 -77.3438 -25.7812 -16.2598 -31.0547 1.68457 0 0 -1.7578 0 0 0.0733013 
157 8.93555 -20.7275 -65.332 -79.1016 -25.7812 -16.2598 -30.9814 1.24515 0 0.2929 -1.7578 0 -0.0732002 0.2929 
158 10.1807 -20.7275 -65.0391 -80.8594 -25.7812 -16.333 -30.6885 1.0254 0 0.292999 -2.3437 0 0.0732002 0.1465 
159 11.2061 -20.7275 -64.7461 -83.2031 -25.7812 -16.2598 -30.542 1.2451 0 0 -2.3438 0 -0.0732002 0.2197 
160 12.4512 -20.7275 -64.7461 -85.5469 -25.7812 -16.333 -30.3223 0 0 0 0 0 0 0 
161 12.4512 -20.7275 -64.7461 -85.5469 -25.7812 -16.333 -30.3223 1.0254 0 0.292999 -1.7578 0 0 0.219799 
162 13.4766 -20.7275 -64.4531 -87.3047 -25.7812 -16.333 -30.1025 0.952101 0.219702 0.2929 -1.4648 0 0.0732002 0.219702 
163 14.4287 -20.5078 -64.1602 -88.7695 -25.7812 -16.2598 -29.8828 1.1719 0.512699 0.293003 -1.7578 0 -0.0732002 0.512699 
164 15.6006 -19.9951 -63.8672 -90.5273 -25.7812 -16.333 -29.3701 1.0254 0.4394 0 -2.0508 0 0 0.4394 
165 16.626 -19.5557 -63.8672 -92.5781 -25.7812 -16.333 -28.9307 1.2451 0.439501 0 -1.4649 0 0 0.586 
166 17.8711 -19.1162 -63.8672 -94.043 -25.7812 -16.333 -28.3447 0.878901 0.4394 0.585999 -1.4648 0 0 0.805599 
167 18.75 -18.6768 -63.2812 -95.5078 -25.7812 -16.333 -27.5391 0.8057 0.366301 0 -1.7578 0 0 0.659201 
168 19.5557 -18.3105 -63.2812 -97.2656 -25.7812 -16.333 -26.8799 0.952099 0.585899 0 -1.4649 0 0 0.878901 
169 20.5078 -17.7246 -63.2812 -98.7305 -25.7812 -16.333 -26.001 0.732401 0.4394 0 -1.4645 0 -0.0732002 0.659199 
170 21.2402 -17.2852 -63.2812 -100.195 -25.7812 -16.4062 -25.3418 0.659201 0.659201 0 -1.172 -0.292999 0 0.585901 
171 21.8994 -16.626 -63.2812 -101.367 -26.0742 -16.4062 -24.7559 0 0 0 0 0 0 0 
172 21.8994 -16.626 -63.2812 -101.367 -26.0742 -16.4062 -24.7559 0.805698 0.512699 0 -0.586006 0.292999 -0.0732994 0.659199 
173 22.7051 -16.1133 -63.2812 -101.953 -25.7812 -16.4795 -24.0967 0.585901 0.586 -0.585999 -1.465 0 0 0.293001 
174 23.291 -15.5273 -63.8672 -103.418 -25.7812 -16.4795 -23.8037 0.586 0.6591 0 -0.292999 0 0 0.292999 
175 23.877 -14.8682 -63.8672 -103.711 -25.7812 -16.4795 -23.5107 0.2929 0.586 0 0 -0.292999 0 0.2197 
176 24.1699 -14.2822 -63.8672 -103.711 -26.0742 -16.4795 -23.291 0.2197 0.6592 0 0 0.292999 0 0.0732002 
177 24.3896 -13.623 -63.8672 -103.711 -25.7812 -16.4795 -23.2178 0 0.4394 0 0 0 0 0 
178 24.3896 -13.1836 -63.8672 -103.711 -25.7812 -16.4795 -23.2178 0 0.439501 0 0.292999 0 0 0 
179 24.3896 -12.7441 -63.8672 -103.418 -25.7812 -16.4795 -23.2178 0 0.5127 0 0.292999 0 0 0.0732994 
180 24.3896 -12.2314 -63.8672 -103.125 -25.7812 -16.4795 -23.1445 0 0.292899 0.585999 1.465 0 -0.0732002 -0.0732994 
181 24.3896 -11.9385 -63.2812 -101.66 -25.7812 -16.5527 -23.2178 0 0.3662 0 0.879005 0 0.0732002 0 
182 24.3896 -11.5723 -63.2812 -100.781 -25.7812 -16.4795 -23.2178 0 0 0 0 0 0 0 
183 24.3896 -11.5723 -63.2812 -100.781 -25.7812 -16.4795 -23.2178 0 0.4395 0 0.8787 0 0 0 
184 24.3896 -11.1328 -63.2812 -99.9023 -25.7812 -16.4795 -23.2178 0 0.3662 0.2929 1.4648 0 0 0 
185 24.3896 -10.7666 -62.9883 -98.4375 -25.7812 -16.4795 -23.2178 0 0.585899 0 1.7578 0 0 0 
186 24.3896 -10.1807 -62.9883 -96.6797 -25.7812 -16.4795 -23.2178 0 0.43949 0.292999 1.4649 0 0 0.0732994 
187 24.3896 -9.74121 -62.6953 -95.2148 -25.7812 -16.4795 -23.1445 0 0.43945 0 2.3437 0 0 -0.0732994 
188 24.3896 -9.30176 -62.6953 -92.8711 -25.7812 -16.4795 -23.2178 0 0.585939 0 2.0508 -0.292999 0 0 
189 24.3896 -8.71582 -62.6953 -90.8203 -26.0742 -16.4795 -23.2178 0 0.659181 0 0.585899 0.292999 -0.0732002 0.0732994 
190 24.3896 -8.05664 -62.6953 -90.2344 -25.7812 -16.5527 -23.1445 0 0.65918 0 2.3438 0 0.0732002 -0.0732994 
191 24.3896 -7.39746 -62.6953 -87.8906 -25.7812 -16.4795 -23.2178 0 0.43945 0 0.878899 0 0 0.0732994 
192 24.3896 -6.95801 -62.6953 -87.0117 -25.7812 -16.4795 -23.1445 0 0.36621 0 1.17191 0 0 -0.0732994 
193 24.3896 -6.5918 -62.6953 -85.8398 -25.7812 -16.4795 -23.2178 0 0 0 0 0 0 0 
194 24.3896 -6.5918 -62.6953 -85.8398 -25.7812 -16.4795 -23.2178 0 0.29297 0 0.2929 0 0 0 
195 24.3896 -6.29883 -62.6953 -85.5469 -25.7812 -16.4795 -23.2178 0 0.21973 0 1.1719 0 0 0 
196 24.3896 -6.0791 -62.6953 -84.375 -25.7812 -16.4795 -23.2178 0 0.29297 0 0.292999 0 0 0 
197 24.3896 -5.78613 -62.6953 -84.082 -25.7812 -16.4795 -23.2178 0 0.14648 0 0 0 0 0 
198 24.3896 -5.63965 -62.6953 -84.082 -25.7812 -16.4795 -23.2178 0 0 0 0 0 0 0 
199 24.3896 -5.63965 -62.6953 -84.082 -25.7812 -16.4795 -23.2178 0 0.0732398 0 0 0 0 0.0732994 
200 24.3896 -5.56641 -62.6953 -84.082 -25.7812 -16.4795 -23.1445 0 0.14649 0 -0.292999 0 0 0 
201 24.3896 -5.41992 -62.6953 -84.375 -25.7812 -16.4795 -23.1445 0 0.0732398 0 -1.1719 0 0 0 
202 24.3896 -5.34668 -62.6953 -85.5469 -25.7812 -16.4795 -23.1445 0 0 0 -0.2929 0 0 -0.0732994 
203 24.3896 -5.34668 -62.6953 -85.8398 -25.7812 -16.4795 -23.2178 0 0.14648 0 -0.292999 0 0 0.0732994 
204 24.3896 -5.2002 -62.6953 -86.1328 -25.7812 -16.4795 -23.1445 0 0 0 0 0 0 0 
205 24.3896 -5.2002 -62.6953 -86.1328 -25.7812 -16.4795 -23.1445 0 0.0732503 0 -0.878906 0 0 0 
206 24.3896 -5.12695 -62.6953 -87.0117 -25.7812 -16.4795 -23.1445 0 0 0 -0.292999 0 0 0 
207 24.3896 -5.12695 -62.6953 -87.3047 -25.7812 -16.4795 -23.1445 0 0.0732398 0 -0.292999 0 0 -0.0732994 
208 24.3896 -5.05371 -62.6953 -87.5977 -25.7812 -16.4795 -23.2178 0 0.0732398 0 -0.878899 0 -0.0732002 0.0732994 
209 24.3896 -4.98047 -62.6953 -88.4766 -25.7812 -16.5527 -23.1445 0 0.14649 0 -0.2929 0 0.0732002 -0.0732994 
210 24.3896 -4.83398 -62.6953 -88.7695 -25.7812 -16.4795 -23.2178 0 0.0732403 0 -0.292999 0 0 0.0732994 
211 24.3896 -4.76074 -62.6953 -89.0625 -25.7812 -16.4795 -23.1445 0 0.21972 0 -0.292999 0 0 0 
212 24.3896 -4.54102 -62.6953 -89.3555 -25.7812 -16.4795 -23.1445 0 0.14649 0 0 0 0 0 
213 24.3896 -4.39453 -62.6953 -89.3555 -25.7812 -16.4795 -23.1445 0 0.0732398 0 0 0 0 0 
214 24.3896 -4.32129 -62.6953 -89.3555 -25.7812 -16.4795 -23.1445 0 0.0732398 0 0 0 -0.0732002 0 
215 24.3896 -4.24805 -62.6953 -89.3555 -25.7812 -16.5527 -23.1445 0 0 0 0 0 0.0732002 0 
216 24.3896 -4.24805 -62.6953 -89.3555 -25.7812 -16.4795 -23.1445 0 0 0 0 0 0 0 
217 24.3896 -4.24805 -62.6953 -89.3555 -25.7812 -16.4795 -23.1445 0 0 0 0 0 0 0 
218 24.3896 -4.24805 -62.6953 -89.3555 -25.7812 -16.4795 -23.1445 0 0 0 0 0 -0.0732002 0 
219 24.3896 -4.24805 -62.6953 -89.3555 -25.7812 -16.5527 -23.1445 0 0 0 0 0 0.0732002 0 
220 24.3896 -4.24805 -62.6953 -89.3555 -25.7812 -16.4795 -23.1445 0 0 0 0 0 0 -0.0732994 
221 24.3896 -4.24805 -62.6953 -89.3555 -25.7812 -16.4795 -23.2178 0 0 0 0.292999 0 0 0.0732994 
222 24.3896 -4.24805 -62.6953 -89.0625 -25.7812 -16.4795 -23.1445 0 0 0 0.292999 0 0 -0.0732994 
223 24.3896 -4.24805 -62.6953 -88.7695 -25.7812 -16.4795 -23.2178 0 0 0 0 0 0 0.0732994 
224 24.3896 -4.24805 -62.6953 -88.7695 -25.7812 -16.4795 -23.1445 0 0 0 0.2929 0 0 0 
225 24.3896 -4.24805 -62.6953 -88.4766 -25.7812 -16.4795 -23.1445 0 0 0 0 0 0 0 
226 24.3896 -4.24805 -62.6953 -88.4766 -25.7812 -16.4795 -23.1445 0 0 0 0 0 0 0 
227 24.3896 -4.24805 -62.6953 -88.4766 -25.7812 -16.4795 -23.1445 0 0 0 0 0 0 0 
228 24.3896 -4.24805 -62.6953 -88.4766 -25.7812 -16.4795 -23.1445 0 0 0 0 0 0 0 
229 24.3896 -4.24805 -62.6953 -88.4766 -25.7812 -16.4795 -23.1445 0 0 0 0 0 0 -0.0732994 
230 24.3896 -4.24805 -62.6953 -88.4766 -25.7812 -16.4795 -23.2178 0 0 0 0 0 0 0.0732994 
231 24.3896 -4.24805 -62.6953 -88.4766 -25.7812 -16.4795 -23.1445 0 0 0 0 0 0 -0.0732994 
232 24.3896 -4.24805 -62.6953 -88.4766 -25.7812 -16.4795 -23.2178 0 0 0 0 0 0 0.0732994 
233 24.3896 -4.24805 -62.6953 -88.4766 -25.7812 -16.4795 -23.1445 0 0 0 0 0 -0.0732002 0 
234 24.3896 -4.24805 -62.6953 -88.4766 -25.7812 -16.5527 -23.1445 0 0 0 0 0 0.0732002 0 
235 24.3896 -4.24805 -62.6953 -88.4766 -25.7812 -16.4795 -23.1445 0 0 0 0 0 0 -0.0732994 
236 24.3896 -4.24805 -62.6953 -88.4766 -25.7812 -16.4795 -23.2178 0 0 0 0 0 0 0.0732994 
237 24.3896 -4.24805 -62.6953 -88.4766 -25.7812 -16.4795 -23.1445 0 0 0 0 0 0 0 
238 24.3896 -4.24805 -62.6953 -88.4766 -25.7812 -16.4795 -23.1445 0 0 0 0 0 0 0 
239 24.3896 -4.24805 -62.6953 -88.4766 -25.7812 -16.4795 -23.1445 0 0 0 0 0 0 -0.0732994 
240 24.3896 -4.24805 -62.6953 -88.4766 -25.7812 -16.4795 -23.2178 0 0 0 0 0 0 0.0732994 
241 24.3896 -4.24805 -62.6953 -88.4766 -25.7812 -16.4795 -23.1445 0 0 0 0 0 0 0 
242 24.3896 -4.24805 -62.6953 -88.4766 -25.7812 -16.4795 -23.1445 0 0 0 0 0 0 0 
243 24.3896 -4.24805 -62.6953 -88.4766 -25.7812 -16.4795 -23.1445 0 0 0 0 0 0 0 
244 24.3896 -4.24805 -62.6953 -88.4766 -25.7812 -16.4795 -23.1445 0 0 0 0 0 0 -0.0732994 
245 24.3896 -4.24805 -62.6953 -88.4766 -25.7812 -16.4795 -23.2178 0 0 0 0 0 0 0.0732994 
246 24.3896 -4.24805 -62.6953 -88.4766 -25.7812 -16.4795 -23.1445 0 0 0 0 0 0 0 
247 24.3896 -4.24805 -62.6953 -88.4766 -25.7812 -16.4795 -23.1445 0 0 0 0 0 0 -0.0732994 
248 24.3896 -4.24805 -62.6953 -88.4766 -25.7812 -16.4795 -23.2178 0 0 0 0 0 0 0.0732994 
249 24.3896 -4.24805 -62.6953 -88.4766 -25.7812 -16.4795 -23.1445 0 0 0 0 0 0 0 
