0 30.0293 -6.00586 -11.1328 -47.4609 -50.0977 -3.36914 -18.0908 -0.0732002 0 0 -0.292999 0 0 -0.0733013 
1 29.9561 -6.00586 -11.1328 -47.7539 -50.0977 -3.36914 -18.1641 -1.09077e-08 0 0 -4.36603e-08 0 0 -1.31073e-08 
2 29.9561 -6.00586 -11.1328 -47.7539 -50.0977 -3.36914 -18.1641 0 0 0 0 0 0 0.0733013 
3 29.9561 -6.00586 -11.1328 -47.7539 -50.0977 -3.36914 -18.0908 0 0 0 0 0 0 0 
4 29.9561 -6.00586 -11.1328 -47.7539 -50.0977 -3.36914 -18.0908 0 0 0 0 0 -0.07324 8.7382e-09 
5 29.9561 -6.00586 -11.1328 -47.7539 -50.0977 -3.44238 -18.0908 0 0 0 0 0 0.07324 -0.0733013 
6 29.9561 -6.00586 -11.1328 -47.7539 -50.0977 -3.36914 -18.1641 0 0 -0.293 0 0 0 0 
7 29.9561 -6.00586 -11.4258 -47.7539 -50.0977 -3.36914 -18.1641 0 0 0 0 0 0 0 
8 29.9561 -6.00586 -11.4258 -47.7539 -50.0977 -3.36914 -18.1641 0 0 0 0 0 0 0 
9 29.9561 -6.00586 -11.4258 -47.7539 -50.0977 -3.36914 -18.1641 0 0 0 0 0 0 0 
10 29.9561 -6.00586 -11.4258 -47.7539 -50.0977 -3.36914 -18.1641 0 0 0 0 0 -0.07324 0.0733013 
11 29.9561 -6.00586 -11.4258 -47.7539 -50.0977 -3.44238 -18.0908 0 0 0 0 0 0 0 
12 29.9561 -6.00586 -11.4258 -47.7539 -50.0977 -3.44238 -18.0908 0 0 0 0 0 -0.14649 0 
13 29.9561 -6.00586 -11.4258 -47.7539 -50.0977 -3.58887 -18.0908 0 0 0 0 0 -0.21972 -0.0733013 
14 29.9561 -6.00586 -11.4258 -47.7539 -50.0977 -3.80859 -18.1641 0 0 0 0 0 0 0 
15 29.9561 -6.00586 -11.4258 -47.7539 -50.0977 -3.80859 -18.1641 0 0 0 0 0 -0.21973 0 
16 29.9561 -6.00586 -11.4258 -47.7539 -50.0977 -4.02832 -18.1641 0 0 0 0 0 -0.21973 0 
17 29.9561 -6.00586 -11.4258 -47.7539 -50.0977 -4.24805 -18.1641 0 0 0 0 0 -0.0732398 0 
18 29.9561 -6.00586 -11.4258 -47.7539 -50.0977 -4.32129 -18.1641 0 0 0 0 0 -0.0732398 0.0733013 
19 29.9561 -6.00586 -11.4258 -47.7539 -50.0977 -4.39453 -18.0908 0 0 0 -0.293003 0 -0.0732403 -0.0733013 
20 29.9561 -6.00586 -11.4258 -48.0469 -50.0977 -4.46777 -18.1641 0 0 0 -0.2929 0 0 0 
21 29.9561 -6.00586 -11.4258 -48.3398 -50.0977 -4.46777 -18.1641 0 -0.14648 0 -0.585999 0 -0.14649 0.0733013 
22 29.9561 -6.15234 -11.4258 -48.9258 -50.0977 -4.61426 -18.0908 0 -1.53809 0.293 -1.4648 0 0.0732403 -0.0733013 
23 29.9561 -7.69043 -11.1328 -50.3906 -50.0977 -4.54102 -18.1641 0 -2.70997 0 -0.878902 0.292999 -0.0732403 -0.0732002 
24 29.9561 -10.4004 -11.1328 -51.2695 -49.8047 -4.61426 -18.2373 0 -1.9775 0 -1.4649 0 0 -0.2197 
25 29.9561 -12.3779 -11.1328 -52.7344 -49.8047 -4.61426 -18.457 0 0 0 0 0 0 0 
26 29.9561 -12.3779 -11.1328 -52.7344 -49.8047 -4.61426 -18.457 0 -2.3438 0.293 -0.878899 0 0 0 
27 29.9561 -14.7217 -10.8398 -53.6133 -49.8047 -4.61426 -18.457 0 -3.2226 0.2929 -0.585899 0 -0.0732398 -0.0732994 
28 29.9561 -17.9443 -10.5469 -54.1992 -49.8047 -4.6875 -18.5303 0 -2.1241 0.293 -0.878899 0 -0.5127 -0.1465 
29 29.9561 -20.0684 -10.2539 -55.0781 -49.8047 -5.2002 -18.6768 -0.0733013 -3.2226 0 -0.293003 0 -0.43945 -0.2929 
30 29.8828 -23.291 -10.2539 -55.3711 -49.8047 -5.63965 -18.9697 -0.366199 -2.6367 0.58593 0 0 -0.8789 -0.366199 
31 29.5166 -25.9277 -9.66797 -55.3711 -49.8047 -6.51855 -19.3359 -0.512699 -2.1973 0.585939 0 0.292999 -0.87891 -0.293001 
32 29.0039 -28.125 -9.08203 -55.3711 -49.5117 -7.39746 -19.6289 -0.585901 -2.3438 -9.66338e-13 0 0.2929 -0.95215 -0.366199 
33 28.418 -30.4688 -9.08203 -55.3711 -49.2188 -8.34961 -19.9951 -0.439499 -2.3437 0.58594 0 0.585999 -1.3916 -0.2197 
34 27.9785 -32.8125 -8.49609 -55.3711 -48.6328 -9.74121 -20.2148 -0.4394 -2.9297 0 0.293003 0.585899 -1.09859 -0.0732994 
35 27.5391 -35.7422 -8.49609 -55.0781 -48.0469 -10.8398 -20.2881 -0.659201 -2.124 0 0.585899 1.1719 -1.1719 0 
36 26.8799 -37.8662 -8.49609 -54.4922 -46.875 -12.0117 -20.2881 -0.439501 -1.9776 0 0.292999 0.585899 -0.878901 0 
37 26.4404 -39.8438 -8.49609 -54.1992 -46.2891 -12.8906 -20.2881 0 0 0 0 0 0 0 
38 26.4404 -39.8438 -8.49609 -54.1992 -46.2891 -12.8906 -20.2881 -0.512699 -1.9775 0.29297 0.292999 0.586002 -1.0254 0.0732994 
39 25.9277 -41.8213 -8.20312 -53.9062 -45.7031 -13.916 -20.2148 -0.2929 -1.4648 0 0 0.585899 -0.8789 -0.0732994 
40 25.6348 -43.2861 -8.20312 -53.9062 -45.1172 -14.7949 -20.2881 -0.292999 -1.5381 0.29296 0.2929 0.585999 -0.5127 0.0732994 
41 25.3418 -44.8242 -7.91016 -53.6133 -44.5312 -15.3076 -20.2148 -0.439501 -1.3916 0.58594 0.292999 0.2929 -0.5127 -0.0732994 
42 24.9023 -46.2158 -7.32422 -53.3203 -44.2383 -15.8203 -20.2881 -0.1464 -0.805698 0.29297 0 0 -0.219701 0 
43 24.7559 -47.0215 -7.03125 -53.3203 -44.2383 -16.04 -20.2881 -0.0732994 -0.4394 0 0 0 0 0 
44 24.6826 -47.4609 -7.03125 -53.3203 -44.2383 -16.04 -20.2881 0 0 0 0 0 0 0 
45 24.6826 -47.4609 -7.03125 -53.3203 -44.2383 -16.04 -20.2881 0 0 0 0 0 0 0 
46 24.6826 -47.4609 -7.03125 -53.3203 -44.2383 -16.04 -20.2881 0.0732994 0 0 0 0 0 0 
47 24.7559 -47.4609 -7.03125 -53.3203 -44.2383 -16.04 -20.2881 0.805601 0 0 0 0 0 0 
48 25.5615 -47.4609 -7.03125 -53.3203 -44.2383 -16.04 -20.2881 0 0 0 0 0 0 0 
49 25.5615 -47.4609 -7.03125 -53.3203 -44.2383 -16.04 -20.2881 1.5381 0 0 0 0 0 0.1465 
50 27.0996 -47.4609 -7.03125 -53.3203 -44.2383 -16.04 -20.1416 1.9775 0 0 0 0 0 0.292999 
51 29.0771 -47.4609 -7.03125 -53.3203 -44.2383 -16.04 -19.8486 2.1241 0 0 -0.585899 0 0 0.512701 
52 31.2012 -47.4609 -7.03125 -53.9062 -44.2383 -16.04 -19.3359 2.5634 0 0 -0.292999 0 0 0.6591 
53 33.7646 -47.4609 -7.03125 -54.1992 -44.2383 -16.04 -18.6768 2.2706 0 0 -0.292999 0 0 1.1719 
54 36.0352 -47.4609 -7.03125 -54.4922 -44.2383 -16.04 -17.5049 2.1972 0 -0.29297 -0.585899 0 0 1.0987 
55 38.2324 -47.4609 -7.32422 -55.0781 -44.2383 -16.04 -16.4062 3.003 -0.219799 0 -0.293003 0 0 1.0253 
56 41.2354 -47.6807 -7.32422 -55.3711 -44.2383 -16.04 -15.3809 2.7099 -0.1464 -0.29297 -0.292999 0 0 1.0987 
57 43.9453 -47.8271 -7.61719 -55.6641 -44.2383 -16.04 -14.2822 2.417 -0.219803 0 -0.585899 0 0 0.8789 
58 46.3623 -48.0469 -7.61719 -56.25 -44.2383 -16.04 -13.4033 2.9297 -0.2197 -0.29297 -0.585899 0 0.0732012 0.952101 
59 49.292 -48.2666 -7.91016 -56.8359 -44.2383 -15.9668 -12.4512 0 0 0 0 0 0 0 
60 49.292 -48.2666 -7.91016 -56.8359 -44.2383 -15.9668 -12.4512 2.4902 -0.292999 0 -0.878902 0 0 0.7324 
61 51.7822 -48.5596 -7.91016 -57.7148 -44.2383 -15.9668 -11.7188 2.3438 -0.1465 0 -0.292999 0 0 0.732499 
62 54.126 -48.7061 -7.91016 -58.0078 -44.2383 -15.9668 -10.9863 3.0029 0 0 0 0 0.1465 0.952101 
63 57.1289 -48.7061 -7.91016 -58.0078 -44.2383 -15.8203 -10.0342 2.124 0 -0.29296 -0.586 4.26296e-12 0.1465 0.585958 
64 59.2529 -48.7061 -8.20312 -58.5938 -44.2383 -15.6738 -9.44824 2.4903 0 -5.58777e-07 -0.2929 1.11751e-06 0.146501 0.43945 
65 61.7432 -48.7061 -8.20312 -58.8867 -44.2383 -15.5273 -9.00879 1.7578 0 0 -0.585999 -0.585899 0.146399 0.43945 
66 63.501 -48.7061 -8.20312 -59.4727 -44.8242 -15.3809 -8.56934 1.3916 0 -0.29297 -0.2929 0 0.0733004 0.14649 
67 64.8926 -48.7061 -8.49609 -59.7656 -44.8242 -15.3076 -8.42285 1.3916 0 -0.87891 0 0 0.2197 0.0732393 
68 66.2842 -48.7061 -9.375 -59.7656 -44.8242 -15.0879 -8.34961 0.585899 0 -0.29297 0 0 0.146501 0 
69 66.8701 -48.7061 -9.66797 -59.7656 -44.8242 -14.9414 -8.34961 0.366196 0 -0.87893 0 0 0.2197 0 
70 67.2363 -48.7061 -10.5469 -59.7656 -44.8242 -14.7217 -8.34961 0 0 0 0 0 0 0 
71 67.2363 -48.7061 -10.5469 -59.7656 -44.8242 -14.7217 -8.34961 0.292999 0 -0.5859 0 0 0.5127 0 
72 67.5293 -48.7061 -11.1328 -59.7656 -44.8242 -14.209 -8.34961 0.1465 0.366299 -0.8789 -0.586002 0 0.6592 0 
73 67.6758 -48.3398 -12.0117 -60.3516 -44.8242 -13.5498 -8.34961 0 1.0986 -0.878901 0 0 0.8789 0 
74 67.6758 -47.2412 -12.8906 -60.3516 -44.8242 -12.6709 -8.34961 0 1.0986 -0.585999 0 0 1.1719 0 
75 67.6758 -46.1426 -13.4766 -60.3516 -44.8242 -11.499 -8.34961 0 1.7578 -1.7578 0 0 1.0254 0 
76 67.6758 -44.3848 -15.2344 -60.3516 -44.8242 -10.4736 -8.34961 0 1.5381 -0.878901 0 0 1.31833 0 
77 67.6758 -42.8467 -16.1133 -60.3516 -44.8242 -9.15527 -8.34961 -0.292999 1.6113 -1.7578 0.878902 0.292999 0.8789 -0.0732393 
78 67.3828 -41.2354 -17.8711 -59.4727 -44.5312 -8.27637 -8.42285 -1.1719 2.1973 -2.0508 0.292999 0 1.02539 0 
79 66.2109 -39.0381 -19.9219 -59.1797 -44.5312 -7.25098 -8.42285 -0.952103 1.7578 -2.6367 0.878899 0.2929 1.02539 -0.14649 
80 65.2588 -37.2803 -22.5586 -58.3008 -44.2383 -6.22559 -8.56934 -0.805695 1.9776 -2.6367 0.585999 0.878899 0.65918 -0.29296 
81 64.4531 -35.3027 -25.1953 -57.7148 -43.3594 -5.56641 -8.8623 0 0 0 0 0 0 0 
82 64.4531 -35.3027 -25.1953 -57.7148 -43.3594 -5.56641 -8.8623 -1.1719 2.7832 -2.3438 1.1718 0.586002 0.58594 -0.36622 
83 63.2812 -32.5195 -27.5391 -56.543 -42.7734 -4.98047 -9.22852 -1.0253 2.0507 -1.7578 1.1719 1.1718 0.58594 -0.292959 
84 62.2559 -30.4688 -29.2969 -55.3711 -41.6016 -4.39453 -9.52148 -0.878902 2.7833 -2.6367 1.4649 1.1719 0.29297 -0.14649 
85 61.377 -27.6855 -31.9336 -53.9062 -40.4297 -4.10156 -9.66797 -0.952198 2.124 -2.0508 0.878899 1.1719 0.58594 -0.146481 
86 60.4248 -25.5615 -33.9844 -53.0273 -39.2578 -3.51562 -9.81445 -0.585899 1.9775 -1.7578 1.7578 0.878902 0.29296 0 
87 59.8389 -23.584 -35.7422 -51.2695 -38.3789 -3.22266 -9.81445 -0.586002 2.4902 -1.4648 0.585899 1.4648 0.21973 0 
88 59.2529 -21.0938 -37.207 -50.6836 -36.9141 -3.00293 -9.81445 -0.2929 1.5381 -0.878899 1.1719 0.586002 0.36621 0 
89 58.96 -19.5557 -38.0859 -49.5117 -36.3281 -2.63672 -9.81445 -0.1465 1.5381 -0.878902 1.1719 0.585899 0.21973 0 
90 58.8135 -18.0176 -38.9648 -48.3398 -35.7422 -2.41699 -9.81445 -0.0732994 0.878899 -0.878998 0 0.292999 0.14648 0 
91 58.7402 -17.1387 -39.8438 -48.3398 -35.4492 -2.27051 -9.81445 0 0.586 -0.2929 0.2929 0.292999 0.21973 -0.0732498 
92 58.7402 -16.5527 -40.1367 -48.0469 -35.1562 -2.05078 -9.8877 0 0 0 0 0 0 0 
93 58.7402 -16.5527 -40.1367 -48.0469 -35.1562 -2.05078 -9.8877 0 0.2197 -0.292999 0 0 0.07324 -0.0732403 
94 58.7402 -16.333 -40.4297 -48.0469 -35.1562 -1.97754 -9.96094 0 0 -0.292999 0 0 0.14649 -0.14646 
95 58.7402 -16.333 -40.7227 -48.0469 -35.1562 -1.83105 -10.1074 0 0 0 -0.2929 0 0.07324 -0.0733004 
96 58.7402 -16.333 -40.7227 -48.3398 -35.1562 -1.75781 -10.1807 -0.2929 0 0.292999 -0.292999 0 0.07324 -0.146399 
97 58.4473 -16.333 -40.4297 -48.6328 -35.1562 -1.68457 -10.3271 -0.585999 0 0 -0.292999 0 0.21973 -0.366301 
98 57.8613 -16.333 -40.4297 -48.9258 -35.1562 -1.46484 -10.6934 -0.878902 0 0 -0.585899 0.2929 0.07324 -0.2197 
99 56.9824 -16.333 -40.4297 -49.5117 -34.8633 -1.3916 -10.9131 -1.3916 0 0 -0.292999 0 0 -0.2197 
100 55.5908 -16.333 -40.4297 -49.8047 -34.8633 -1.3916 -11.1328 -1.3916 0 0.292999 0 0.878899 0 -0.0733004 
101 54.1992 -16.333 -40.1367 -49.8047 -33.9844 -1.3916 -11.2061 -1.5381 0 0.2929 -0.292999 0.586002 0 -0.2197 
102 52.6611 -16.333 -39.8438 -50.0977 -33.3984 -1.3916 -11.4258 -2.3437 0 0 -0.2929 1.1718 0 -0.2197 
103 50.3174 -16.333 -39.8438 -50.3906 -32.2266 -1.3916 -11.6455 0 0 0 0 0 0 0 
104 50.3174 -16.333 -39.8438 -50.3906 -32.2266 -1.3916 -11.6455 -1.9043 -0.1465 0 -0.293003 1.4649 0.07324 -0.1465 
105 48.4131 -16.4795 -39.8438 -50.6836 -30.7617 -1.31836 -11.792 -2.5635 -0.1465 0 -0.292999 0.878901 -0.07324 -0.293 
106 45.8496 -16.626 -39.8438 -50.9766 -29.8828 -1.3916 -12.085 -2.3437 -0.1465 0 -0.2929 1.1719 0 -0.5859 
107 43.5059 -16.7725 -39.8438 -51.2695 -28.7109 -1.3916 -12.6709 -3.003 -0.1464 0 0 1.1718 0.07324 -0.5127 
108 40.5029 -16.9189 -39.8438 -51.2695 -27.5391 -1.31836 -13.1836 -2.2705 0 -0.585899 0 1.7579 0 -1.0254 
109 38.2324 -16.9189 -40.4297 -51.2695 -25.7812 -1.31836 -14.209 -2.3437 -0.0733013 -0.292999 0.2929 2.3437 0 -0.952101 
110 35.8887 -16.9922 -40.7227 -50.9766 -23.4375 -1.31836 -15.1611 -2.71 -0.0731983 -0.878902 0.292999 2.0508 -0.07324 -0.9522 
111 33.1787 -17.0654 -41.6016 -50.6836 -21.3867 -1.3916 -16.1133 -2.3437 -0.0733013 -1.7578 0.878902 2.9297 0 -0.878901 
112 30.835 -17.1387 -43.3594 -49.8047 -18.457 -1.3916 -16.9922 -2.4903 0 -2.3437 1.4649 2.6367 0 -0.4394 
113 28.3447 -17.1387 -45.7031 -48.3398 -15.8203 -1.3916 -17.4316 -3.0761 -0.0732002 -2.0508 0.585903 2.3437 0 -0.0732994 
114 25.2686 -17.2119 -47.7539 -47.7539 -13.4766 -1.3916 -17.5049 0 0 0 0 0 0 0 
115 25.2686 -17.2119 -47.7539 -47.7539 -13.4766 -1.3916 -17.5049 -2.2706 -0.1465 -2.3438 0.292999 3.80863 0 0.0732994 
116 22.998 -17.3584 -50.0977 -47.4609 -9.66797 -1.3916 -17.4316 -2.6367 -0.2197 -2.6367 0.2929 2.92969 0 0.1464 
117 20.3613 -17.5781 -52.7344 -47.168 -6.73828 -1.3916 -17.2852 -1.831 -0.292999 -2.0508 0 3.22266 0 0.366301 
118 18.5303 -17.8711 -54.7852 -47.168 -3.51562 -1.3916 -16.9189 -1.6846 -0.366201 -1.7578 0.292999 2.63671 0 0.4394 
119 16.8457 -18.2373 -56.543 -46.875 -0.878906 -1.3916 -16.4795 -1.8311 -0.439499 -1.1718 0 1.75781 0 0.1465 
120 15.0146 -18.6768 -57.7148 -46.875 0.878906 -1.3916 -16.333 -1.0986 -0.366199 -0.878998 0 2.92968 -0.14649 0 
121 13.916 -19.043 -58.5938 -46.875 3.80859 -1.53809 -16.333 -0.8056 -0.439402 -0.585899 0 1.17188 -0.14648 0 
122 13.1104 -19.4824 -59.1797 -46.875 4.98047 -1.68457 -16.333 -0.586 -0.292999 -0.585899 0 1.17187 0 0 
123 12.5244 -19.7754 -59.7656 -46.875 6.15234 -1.68457 -16.333 -0.293 -0.1465 -0.586002 0 0.29297 -0.07324 0 
124 12.2314 -19.9219 -60.3516 -46.875 6.44531 -1.75781 -16.333 0 -0.1465 -0.585899 0 0 0 0 
125 12.2314 -20.0684 -60.9375 -46.875 6.44531 -1.75781 -16.333 0 0 0 0 0 0 0 
126 12.2314 -20.0684 -60.9375 -46.875 6.44531 -1.75781 -16.333 0 0 -0.293 -1.11774e-06 0 0.0732397 0 
127 12.2314 -20.0684 -61.2305 -46.875 6.44531 -1.68457 -16.333 0 0 -0.2929 -0.292999 0 -0.07324 0 
128 12.2314 -20.0684 -61.5234 -47.168 6.44531 -1.75781 -16.333 -2.23541e-06 0 -0.292998 -1.1177e-06 0 0.0732397 0 
129 12.2314 -20.0684 -61.8164 -47.168 6.44531 -1.68457 -16.333 0.586 0 -0.585903 0 0 0 0 
130 12.8174 -20.0684 -62.4023 -47.168 6.44531 -1.68457 -16.333 0.9521 0 -0.292999 0 0 0 0 
131 13.7695 -20.0684 -62.6953 -47.168 6.44531 -1.68457 -16.333 0.659201 0 -0.585899 -0.2929 0 -0.07324 0 
132 14.4287 -20.0684 -63.2812 -47.4609 6.44531 -1.75781 -16.333 0.7324 0 -0.585999 -0.586002 0 0.07324 0 
133 15.1611 -20.0684 -63.8672 -48.0469 6.44531 -1.68457 -16.333 0.878901 0 -1.1719 -0.585899 0 -0.07324 0 
134 16.04 -20.0684 -65.0391 -48.6328 6.44531 -1.75781 -16.333 0.659199 0 -0.878899 -1.1719 0 0.07324 0 
135 16.6992 -20.0684 -65.918 -49.8047 6.44531 -1.68457 -16.333 0.659201 0.1465 -1.4648 -1.1719 0 0 0.0732002 
136 17.3584 -19.9219 -67.3828 -50.9766 6.44531 -1.68457 -16.2598 0 0 0 0 0 0 0 
137 17.3584 -19.9219 -67.3828 -50.9766 6.44531 -1.68457 -16.2598 0.8057 0.292999 -0.878906 -1.7578 0 -0.07324 0.219799 
138 18.1641 -19.6289 -68.2617 -52.7344 6.44531 -1.75781 -16.04 0.732399 0.0732002 -0.585999 -1.4648 0 0.07324 0.1464 
139 18.8965 -19.5557 -68.8477 -54.1992 6.44531 -1.68457 -15.8936 0.659201 0.1465 -0.585899 -1.4649 0 -0.07324 0 
140 19.5557 -19.4092 -69.4336 -55.6641 6.44531 -1.75781 -15.8936 0.952099 0.2197 -0.292999 -2.3437 -0.8789 0.07324 0 
141 20.5078 -19.1895 -69.7266 -58.0078 5.56641 -1.68457 -15.8936 0.659201 0 -0.585899 -2.3438 -0.58594 0 0 
142 21.167 -19.1895 -70.3125 -60.3516 4.98047 -1.68457 -15.8936 0.878901 0 -0.585899 -1.4648 -0.58594 -0.07324 0 
143 22.0459 -19.1895 -70.8984 -61.8164 4.39453 -1.75781 -15.8936 0.732399 0 0 -2.0508 -1.17187 -0.07324 0 
144 22.7783 -19.1895 -70.8984 -63.8672 3.22266 -1.83105 -15.8936 0.659201 0.0733013 0 -2.0508 -0.87891 -0.14649 0 
145 23.4375 -19.1162 -70.8984 -65.918 2.34375 -1.97754 -15.8936 0.8057 0 0 -1.4648 -1.46484 -0.21973 0 
146 24.2432 -19.1162 -70.8984 -67.3828 0.878906 -2.19727 -15.8936 0.512699 0 0 -2.3438 -1.17188 -0.14648 0 
147 24.7559 -19.1162 -70.8984 -69.7266 -0.292969 -2.34375 -15.8936 0 0 0 0 0 0 0 
148 24.7559 -19.1162 -70.8984 -69.7266 -0.292969 -2.34375 -15.8936 0.512701 0 0 -1.4648 -0.878911 -0.14648 0 
149 25.2686 -19.1162 -70.8984 -71.1914 -1.17188 -2.49023 -15.8936 0.4394 0 0.585899 -1.7578 -1.17187 -0.14649 -0.0731993 
150 25.708 -19.1162 -70.3125 -72.9492 -2.34375 -2.63672 -15.9668 0.366199 0 0 -2.0508 -0.87891 -0.36621 0 
151 26.0742 -19.1162 -70.3125 -75 -3.22266 -3.00293 -15.9668 0.293001 0.2197 0.585899 -1.1719 -0.58593 -0.65918 0 
152 26.3672 -18.8965 -69.7266 -76.1719 -3.80859 -3.66211 -15.9668 0.1465 0.0732994 0.292999 -1.7578 -1.17188 -1.46484 0 
153 26.5137 -18.8232 -69.4336 -77.9297 -4.98047 -5.12695 -15.9668 0.1465 0.2929 0 -1.7578 -1.17187 -1.24512 0 
154 26.6602 -18.5303 -69.4336 -79.6875 -6.15234 -6.37207 -15.9668 0.0732002 0.292999 0.292999 -1.4648 -1.17188 -1.97754 0 
155 26.7334 -18.2373 -69.1406 -81.1523 -7.32422 -8.34961 -15.9668 0.0732002 0.219702 0.2929 -1.7579 -0.58594 -1.68459 0 
156 26.8066 -18.0176 -68.8477 -82.9102 -7.91016 -10.0342 -15.9668 0.219799 0.366199 0.585999 -1.4648 -0.8789 -1.831 -0.0732012 
157 27.0264 -17.6514 -68.2617 -84.375 -8.78906 -11.8652 -16.04 0.0732002 0.292999 0.2929 -1.4648 -1.46484 -2.4903 0.0732012 
158 27.0996 -17.3584 -67.9688 -85.8398 -10.2539 -14.3555 -15.9668 0 0 0 0 0 0 0 
159 27.0996 -17.3584 -67.9688 -85.8398 -10.2539 -14.3555 -15.9668 0.0732994 0.366199 0.586006 -2.0508 -0.5859 -1.831 0 
160 27.1729 -16.9922 -67.3828 -87.8906 -10.8398 -16.1865 -15.9668 0 0.366201 0 -1.7578 -0.586 -1.8311 0 
161 27.1729 -16.626 -67.3828 -89.6484 -11.4258 -18.0176 -15.9668 0 0.512699 0.585899 -1.1719 -0.8789 -2.2705 0 
162 27.1729 -16.1133 -66.7969 -90.8203 -12.3047 -20.2881 -15.9668 0 0.5127 0.585999 -1.4649 -0.878901 -1.7578 0 
163 27.1729 -15.6006 -66.2109 -92.2852 -13.1836 -22.0459 -15.9668 0 0.5127 0.2929 -0.585899 -0.585899 -1.9043 0 
164 27.1729 -15.0879 -65.918 -92.8711 -13.7695 -23.9502 -15.9668 0 0.6592 0.292999 -1.1719 -0.586 -1.1719 0 
165 27.1729 -14.4287 -65.625 -94.043 -14.3555 -25.1221 -15.9668 0 0.732401 0.292999 -0.878899 0 -0.6591 0 
166 27.1729 -13.6963 -65.332 -94.9219 -14.3555 -25.7812 -15.9668 0 0.7324 0.585899 -0.585899 0 -0.292999 0 
167 27.1729 -12.9639 -64.7461 -95.5078 -14.3555 -26.0742 -15.9668 0 1.0987 0.585899 -0.586006 0 0 0 
168 27.1729 -11.8652 -64.1602 -96.0938 -14.3555 -26.0742 -15.9668 0 0.8056 0.293003 0 -0.2929 0 0 
169 27.1729 -11.0596 -63.8672 -96.0938 -14.6484 -26.0742 -15.9668 0 0 0 0 0 0 0 
170 27.1729 -11.0596 -63.8672 -96.0938 -14.6484 -26.0742 -15.9668 0 0.9522 0.585999 0 0 0 0 
171 27.1729 -10.1074 -63.2812 -96.0938 -14.6484 -26.0742 -15.9668 0 1.09861 0.585899 0 0 0.0732002 0 
172 27.1729 -9.00879 -62.6953 -96.0938 -14.6484 -26.001 -15.9668 0 0.65918 0.292999 0 0 0 0 
173 27.1729 -8.34961 -62.4023 -96.0938 -14.6484 -26.001 -15.9668 0 0.73242 0.2929 0.293007 0 0 0 
174 27.1729 -7.61719 -62.1094 -95.8008 -14.6484 -26.001 -15.9668 0 0.73242 0.293003 0.292999 0 -0.0732002 0 
175 27.1729 -6.88477 -61.8164 -95.5078 -14.6484 -26.0742 -15.9668 0 0.36622 0 0.585899 0 0 0 
176 27.1729 -6.51855 -61.8164 -94.9219 -14.6484 -26.0742 -15.9668 0 0.29296 0 0.292999 0 0 0 
177 27.1729 -6.22559 -61.8164 -94.6289 -14.6484 -26.0742 -15.9668 0 0.0732503 0 1.1719 0 0.0732002 0 
178 27.1729 -6.15234 -61.8164 -93.457 -14.6484 -26.001 -15.9668 0 0 0 0.585899 0 0 0 
179 27.1729 -6.15234 -61.8164 -92.8711 -14.6484 -26.001 -15.9668 0 0 0 0.585899 0 0 0 
180 27.1729 -6.15234 -61.8164 -92.2852 -14.6484 -26.001 -15.9668 0 0 0 0 0 0 0 
181 27.1729 -6.15234 -61.8164 -92.2852 -14.6484 -26.001 -15.9668 0 0 0 1.4649 0 -0.0732002 0 
182 27.1729 -6.15234 -61.8164 -90.8203 -14.6484 -26.0742 -15.9668 0 0 0 0.292999 0 0.0732002 -0.0732012 
183 27.1729 -6.15234 -61.8164 -90.5273 -14.6484 -26.001 -16.04 0 0 0 1.1718 0 0 0.0732012 
184 27.1729 -6.15234 -61.8164 -89.3555 -14.6484 -26.001 -15.9668 0 0 0 0.878899 0 0 0 
185 27.1729 -6.15234 -61.8164 -88.4766 -14.6484 -26.001 -15.9668 0 0 0 1.1719 0 0 0 
186 27.1729 -6.15234 -61.8164 -87.3047 -14.6484 -26.001 -15.9668 0 0 0 0.878906 0 0 0 
187 27.1729 -6.15234 -61.8164 -86.4258 -14.6484 -26.001 -15.9668 0 0 0 0.585999 0 -0.0732002 0 
188 27.1729 -6.15234 -61.8164 -85.8398 -14.6484 -26.0742 -15.9668 0 0 0 0.2929 0 0.0732002 -0.0732012 
189 27.1729 -6.15234 -61.8164 -85.5469 -14.6484 -26.001 -16.04 0 0 0 0.878899 0 0 0.0732012 
190 27.1729 -6.15234 -61.8164 -84.668 -14.6484 -26.001 -15.9668 0 0 0 0.292999 0 0 0 
191 27.1729 -6.15234 -61.8164 -84.375 -14.6484 -26.001 -15.9668 0 0 0 0 0 0 0 
192 27.1729 -6.15234 -61.8164 -84.375 -14.6484 -26.001 -15.9668 0 0 0 0.292999 0 0 -0.0732012 
193 27.1729 -6.15234 -61.8164 -84.082 -14.6484 -26.001 -16.04 0 0 0 0 0 0 0.0732012 
194 27.1729 -6.15234 -61.8164 -84.082 -14.6484 -26.001 -15.9668 0 0 0 0 0 0 0 
195 27.1729 -6.15234 -61.8164 -84.082 -14.6484 -26.001 -15.9668 0 0 -0.293003 0 0 0 0 
196 27.1729 -6.15234 -62.1094 -84.082 -14.6484 -26.001 -15.9668 0 0 0 0 0 -0.0732002 0 
197 27.1729 -6.15234 -62.1094 -84.082 -14.6484 -26.0742 -15.9668 0 0 -0.2929 0 0 0.0732002 0 
198 27.1729 -6.15234 -62.4023 -84.082 -14.6484 -26.001 -15.9668 0 0.14648 0 0 0 0 -0.0732012 
199 27.1729 -6.00586 -62.4023 -84.082 -14.6484 -26.001 -16.04 0 0.58594 0 0 0 0 0.0732012 
200 27.1729 -5.41992 -62.4023 -84.082 -14.6484 -26.001 -15.9668 0 0.21972 0 -0.292999 0 0 0 
201 27.1729 -5.2002 -62.4023 -84.375 -14.6484 -26.001 -15.9668 0 0.29297 0 0 0 0 -0.0732012 
202 27.1729 -4.90723 -62.4023 -84.375 -14.6484 -26.001 -16.04 0 0.36621 0 -0.878899 0 -0.0732002 0.0732012 
203 27.1729 -4.54102 -62.4023 -85.2539 -14.6484 -26.0742 -15.9668 0 0 0 0 0 0 0 
204 27.1729 -4.54102 -62.4023 -85.2539 -14.6484 -26.0742 -15.9668 0 0.21973 0 -0.292999 0 0.0732002 0 
205 27.1729 -4.32129 -62.4023 -85.5469 -14.6484 -26.001 -15.9668 0 0.29297 0 0 0 -0.0732002 0 
206 27.1729 -4.02832 -62.4023 -85.5469 -14.6484 -26.0742 -15.9668 0 0.21973 0 0 0 0.0732002 0 
207 27.1729 -3.80859 -62.4023 -85.5469 -14.6484 -26.001 -15.9668 0 0.21972 0 -0.2929 0 0 0 
208 27.1729 -3.58887 -62.4023 -85.8398 -14.6484 -26.001 -15.9668 0 0.14649 0 0 0 0 0 
209 27.1729 -3.44238 -62.4023 -85.8398 -14.6484 -26.001 -15.9668 0 0.07324 0 -0.292999 0 0 0 
210 27.1729 -3.36914 -62.4023 -86.1328 -14.6484 -26.001 -15.9668 0 0.0732398 0 0 0 0 0 
211 27.1729 -3.2959 -62.4023 -86.1328 -14.6484 -26.001 -15.9668 0 0 0.2929 0 0 0 0 
212 27.1729 -3.2959 -62.1094 -86.1328 -14.6484 -26.001 -15.9668 0 0 0 0 0 0 0 
213 27.1729 -3.2959 -62.1094 -86.1328 -14.6484 -26.001 -15.9668 0 0 0 0 0 0 -0.0732012 
214 27.1729 -3.2959 -62.1094 -86.1328 -14.6484 -26.001 -16.04 0 0 0 0 0 0 0 
215 27.1729 -3.2959 -62.1094 -86.1328 -14.6484 -26.001 -16.04 0 0 0 0 0 0 0.0732012 
216 27.1729 -3.2959 -62.1094 -86.1328 -14.6484 -26.001 -15.9668 0 0 0 0 0 0 0 
217 27.1729 -3.2959 -62.1094 -86.1328 -14.6484 -26.001 -15.9668 0 0 0 0 0 -0.0732002 0 
218 27.1729 -3.2959 -62.1094 -86.1328 -14.6484 -26.0742 -15.9668 0 0 0 0.292999 0 0 0 
219 27.1729 -3.2959 -62.1094 -85.8398 -14.6484 -26.0742 -15.9668 0 0 0 0 0 0.0732002 0 
220 27.1729 -3.2959 -62.1094 -85.8398 -14.6484 -26.001 -15.9668 0 0 0 0 0 -0.0732002 -0.0732012 
221 27.1729 -3.2959 -62.1094 -85.8398 -14.6484 -26.0742 -16.04 0 0 0 0.2929 0 0.0732002 0.0732012 
222 27.1729 -3.2959 -62.1094 -85.5469 -14.6484 -26.001 -15.9668 0 0 0 0 0 0 0 
223 27.1729 -3.2959 -62.1094 -85.5469 -14.6484 -26.001 -15.9668 0 0 0 0 0 0 0 
224 27.1729 -3.2959 -62.1094 -85.5469 -14.6484 -26.001 -15.9668 0 0 0 0 0 0 0 
225 27.1729 -3.2959 -62.1094 -85.5469 -14.6484 -26.001 -15.9668 0 0 0 0 0 0 0 
226 27.1729 -3.2959 -62.1094 -85.5469 -14.6484 -26.001 -15.9668 0 0 0 0 0 -0.0732002 0 
227 27.1729 -3.2959 -62.1094 -85.5469 -14.6484 -26.0742 -15.9668 0 0 0 0 0 0.0732002 0 
228 27.1729 -3.2959 -62.1094 -85.5469 -14.6484 -26.001 -15.9668 0 0 0 0 0 0 0 
229 27.1729 -3.2959 -62.1094 -85.5469 -14.6484 -26.001 -15.9668 0 0 0 0 0 0 0 
230 27.1729 -3.2959 -62.1094 -85.5469 -14.6484 -26.001 -15.9668 0 0 0 0 0 0 0 
231 27.1729 -3.2959 -62.1094 -85.5469 -14.6484 -26.001 -15.9668 0 0 0 0 0 0 0 
232 27.1729 -3.2959 -62.1094 -85.5469 -14.6484 -26.001 -15.9668 0 0 0 0 0 0 0 
233 27.1729 -3.2959 -62.1094 -85.5469 -14.6484 -26.001 -15.9668 0 0 0 0 0 -0.0732002 0 
234 27.1729 -3.2959 -62.1094 -85.5469 -14.6484 -26.0742 -15.9668 0 0 0 0 0 0.0732002 0 
235 27.1729 -3.2959 -62.1094 -85.5469 -14.6484 -26.001 -15.9668 0 0 0 0 0 0 0 
236 27.1729 -3.2959 -62.1094 -85.5469 -14.6484 -26.001 -15.9668 0 0 0 0 0 0 0 
237 27.1729 -3.2959 -62.1094 -85.5469 -14.6484 -26.001 -15.9668 0 0 0 0 0 -0.0732002 0 
238 27.1729 -3.2959 -62.1094 -85.5469 -14.6484 -26.0742 -15.9668 0 0 0 0 0 0.0732002 0 
239 27.1729 -3.2959 -62.1094 -85.5469 -14.6484 -26.001 -15.9668 0 0 0 0 0 0 0 
240 27.1729 -3.2959 -62.1094 -85.5469 -14.6484 -26.001 -15.9668 0 0 0 0 0 0 -0.0732012 
241 27.1729 -3.2959 -62.1094 -85.5469 -14.6484 -26.001 -16.04 0 0 0 0 0 0 0.0732012 
242 27.1729 -3.2959 -62.1094 -85.5469 -14.6484 -26.001 -15.9668 0 0 0 0 0 0 0 
243 27.1729 -3.2959 -62.1094 -85.5469 -14.6484 -26.001 -15.9668 0 0 0 0 0 0 0 
244 27.1729 -3.2959 -62.1094 -85.5469 -14.6484 -26.001 -15.9668 0 0 0 0 0 0 0 
245 27.1729 -3.2959 -62.1094 -85.5469 -14.6484 -26.001 -15.9668 0 0 0 0 0 0 0 
246 27.1729 -3.2959 -62.1094 -85.5469 -14.6484 -26.001 -15.9668 0 0 0 0 0 0 0 
247 27.1729 -3.2959 -62.1094 -85.5469 -14.6484 -26.001 -15.9668 0 0 0 0 0 0 0 
248 27.1729 -3.2959 -62.1094 -85.5469 -14.6484 -26.001 -15.9668 0 0 0 0 0 0 0 
249 27.1729 -3.2959 -62.1094 -85.5469 -14.6484 -26.001 -15.9668 0 0 0 0 0 0 -0.0732012 
