0 11.792 -0.219727 -64.1602 -16.6992 -7.91016 -17.4316 -16.9922 0 0 0 0 0 0.0732002 0 
1 11.792 -0.219727 -64.1602 -16.6992 -7.91016 -17.3584 -16.9922 0 0 0 0 0 1.09077e-08 -2.18455e-09 
2 11.792 -0.219727 -64.1602 -16.6992 -7.91016 -17.3584 -16.9922 0 0 0 0 0 0 0.0733013 
3 11.792 -0.219727 -64.1602 -16.6992 -7.91016 -17.3584 -16.9189 0 0 0 0 0 0 -0.0733013 
4 11.792 -0.219727 -64.1602 -16.6992 -7.91016 -17.3584 -16.9922 0 0.073243 0 0 0 0 0.0733013 
5 11.792 -0.146484 -64.1602 -16.6992 -7.91016 -17.3584 -16.9189 0 0 0 0 0 0 -0.0733013 
6 11.792 -0.146484 -64.1602 -16.6992 -7.91016 -17.3584 -16.9922 0 0 -0.2929 0 0 0 0 
7 11.792 -0.146484 -64.4531 -16.6992 -7.91016 -17.3584 -16.9922 0 0 0 0 0 0 0 
8 11.792 -0.146484 -64.4531 -16.6992 -7.91016 -17.3584 -16.9922 0 0 0 -0.586 0 0 0.0733013 
9 11.792 -0.146484 -64.4531 -17.2852 -7.91016 -17.3584 -16.9189 0 0 0 0 0 0 0 
10 11.792 -0.146484 -64.4531 -17.2852 -7.91016 -17.3584 -16.9189 0 0 0 0 0 0 0 
11 11.792 -0.146484 -64.4531 -17.2852 -7.91016 -17.3584 -16.9189 0 0 0 0 0 0 0.0732002 
12 11.792 -0.146484 -64.4531 -17.2852 -7.91016 -17.3584 -16.8457 0 0 0 0 0 0 0 
13 11.792 -0.146484 -64.4531 -17.2852 -7.91016 -17.3584 -16.8457 0 0 0 0 0 0 0 
14 11.792 -0.146484 -64.4531 -17.2852 -7.91016 -17.3584 -16.8457 0 0 0 -0.2929 0 0 0 
15 11.792 -0.146484 -64.4531 -17.5781 -7.91016 -17.3584 -16.8457 0 0 0 0 0 0 0 
16 11.792 -0.146484 -64.4531 -17.5781 -7.91016 -17.3584 -16.8457 0 0 0 0 0 0 -3.49046e-08 
17 11.792 -0.146484 -64.4531 -17.5781 -7.91016 -17.3584 -16.8457 0 0 0 0 0 0 0.0732002 
18 11.792 -0.146484 -64.4531 -17.5781 -7.91016 -17.3584 -16.7725 0 0 0 0 0 0 -0.0732002 
19 11.792 -0.146484 -64.4531 -17.5781 -7.91016 -17.3584 -16.8457 0 0 0 0 0 0 0.0732002 
20 11.792 -0.146484 -64.4531 -17.5781 -7.91016 -17.3584 -16.7725 0 0 0 -0.292999 0 0 0 
21 11.792 -0.146484 -64.4531 -17.8711 -7.91016 -17.3584 -16.7725 0 0 0 0.292999 0 0 0 
22 11.792 -0.146484 -64.4531 -17.5781 -7.91016 -17.3584 -16.7725 0 0 0 -0.292999 0 0 0.0732994 
23 11.792 -0.146484 -64.4531 -17.8711 -7.91016 -17.3584 -16.6992 0 0 0 0 0 0 0 
24 11.792 -0.146484 -64.4531 -17.8711 -7.91016 -17.3584 -16.6992 0 0 0 0 0 0 0 
25 11.792 -0.146484 -64.4531 -17.8711 -7.91016 -17.3584 -16.6992 0 0 0 0 0 0 0.0732002 
26 11.792 -0.146484 -64.4531 -17.8711 -7.91016 -17.3584 -16.626 0 0 0 0 0 -0.1465 0 
27 11.792 -0.146484 -64.4531 -17.8711 -7.91016 -17.5049 -16.626 0 0 0 0 0 0 -0.0732002 
28 11.792 -0.146484 -64.4531 -17.8711 -7.91016 -17.5049 -16.6992 0 0 0 0 0 -0.0732002 0.0732002 
29 11.792 -0.146484 -64.4531 -17.8711 -7.91016 -17.5781 -16.626 0 0 0 0 0 0 0 
30 11.792 -0.146484 -64.4531 -17.8711 -7.91016 -17.5781 -16.626 0 0 0 0 0 0 -0.0732002 
31 11.792 -0.146484 -64.4531 -17.8711 -7.91016 -17.5781 -16.6992 0 0 0 0 0 -0.0732994 0.0732002 
32 11.792 -0.146484 -64.4531 -17.8711 -7.91016 -17.6514 -16.626 0 0 0 0 0 0.0732993 6.98092e-08 
33 11.792 -0.146484 -64.4531 -17.8711 -7.91016 -17.5781 -16.626 0 0 0 0 0 0 0 
34 11.792 -0.146484 -64.4531 -17.8711 -7.91016 -17.5781 -16.626 0 0 0 0 0 0 0 
35 11.792 -0.146484 -64.4531 -17.8711 -7.91016 -17.5781 -16.626 0 0 0 0 0 -0.0732994 0 
36 11.792 -0.146484 -64.4531 -17.8711 -7.91016 -17.6514 -16.626 0 0 0 0 0 0 -0.0732002 
37 11.792 -0.146484 -64.4531 -17.8711 -7.91016 -17.6514 -16.6992 0 0 0 0 0 0 0.0732002 
38 11.792 -0.146484 -64.4531 -17.8711 -7.91016 -17.6514 -16.626 0 0 0 0 0 0 0 
39 11.792 -0.146484 -64.4531 -17.8711 -7.91016 -17.6514 -16.626 0 0 0 0 0 -0.0732002 0 
40 11.792 -0.146484 -64.4531 -17.8711 -7.91016 -17.7246 -16.626 0 0 0 0 0 -0.2197 0 
41 11.792 -0.146484 -64.4531 -17.8711 -7.91016 -17.9443 -16.626 0 0 -0.292999 0 0 -0.512701 0 
42 11.792 -0.146484 -64.7461 -17.8711 -7.91016 -18.457 -16.626 -0.1465 -0.732422 0.292999 -0.293001 0 -0.9522 0 
43 11.6455 -0.878906 -64.4531 -18.1641 -7.91016 -19.4092 -16.626 -0.146501 -1.24511 0 -0.2929 0 -0.732399 0 
44 11.499 -2.12402 -64.4531 -18.457 -7.91016 -20.1416 -16.626 -0.292899 -1.24512 0.2929 -0.585999 0 -0.439501 0.0732994 
45 11.2061 -3.36914 -64.1602 -19.043 -7.91016 -20.5811 -16.5527 0 0 0 0 0 0 0 
46 11.2061 -3.36914 -64.1602 -19.043 -7.91016 -20.5811 -16.5527 -0.146501 -0.58594 0 0 0 -0.512699 0.1465 
47 11.0596 -3.95508 -64.1602 -19.043 -7.91016 -21.0938 -16.4062 -0.1465 -0.73242 0.293003 0 0 -0.2197 0.2197 
48 10.9131 -4.6875 -63.8672 -19.043 -7.91016 -21.3135 -16.1865 -0.146501 -0.87891 -0.293003 0 0 -0.2929 0.1465 
49 10.7666 -5.56641 -64.1602 -19.043 -7.91016 -21.6064 -16.04 -0.1465 -1.24511 -0.2929 -0.585901 0 -0.293001 0 
50 10.6201 -6.81152 -64.4531 -19.6289 -7.91016 -21.8994 -16.04 -0.1465 -2.34375 0 -0.292999 0 -0.292999 0.0732012 
51 10.4736 -9.15527 -64.4531 -19.9219 -7.91016 -22.1924 -15.9668 -0.146501 -2.12403 0 -0.585899 0 -0.805599 -0.0732012 
52 10.3271 -11.2793 -64.4531 -20.5078 -7.91016 -22.998 -16.04 -0.2197 -2.2705 0 -1.4649 0 -0.8057 0.0732012 
53 10.1074 -13.5498 -64.4531 -21.9727 -7.91016 -23.8037 -15.9668 -0.2197 -3.5156 0.2929 -0.878901 0 -0.585901 0.0731993 
54 9.8877 -17.0654 -64.1602 -22.8516 -7.91016 -24.3896 -15.8936 -0.29297 -2.71 0.293003 -1.1718 0 -0.805698 0.146501 
55 9.59473 -19.7754 -63.8672 -24.0234 -7.91016 -25.1953 -15.7471 -0.292971 -3.5889 0 -1.1719 0 -0.585901 0.293 
56 9.30176 -23.3643 -63.8672 -25.1953 -7.91016 -25.7812 -15.4541 0 0 0 0 0 0 0 
57 9.30176 -23.3643 -63.8672 -25.1953 -7.91016 -25.7812 -15.4541 -0.219729 -2.9296 0 -0.585901 0 -0.659199 0.805699 
58 9.08203 -26.2939 -63.8672 -25.7812 -7.91016 -26.4404 -14.6484 -0.36621 -2.8565 0.585999 -1.1719 0 -1.0254 0.878901 
59 8.71582 -29.1504 -63.2812 -26.9531 -7.91016 -27.4658 -13.7695 -0.43945 -3.2226 0.2929 -0.292999 0 -1.0987 1.0254 
60 8.27637 -32.373 -62.9883 -27.2461 -7.91016 -28.5645 -12.7441 -0.29297 -2.6368 0.292999 0 0 -1.4648 1.3183 
61 7.9834 -35.0098 -62.6953 -27.2461 -7.91016 -30.0293 -11.4258 -0.36621 -3.3691 0.292999 0 0 -1.3184 1.0254 
62 7.61719 -38.3789 -62.4023 -27.2461 -7.91016 -31.3477 -10.4004 -0.36621 -2.5635 0.585903 -0.585901 0 -1.1718 0.95216 
63 7.25098 -40.9424 -61.8164 -27.832 -7.91016 -32.5195 -9.44824 -0.29297 -2.7099 0.293 -0.292998 0 -1.6114 0.8789 
64 6.95801 -43.6523 -61.5234 -28.125 -7.91016 -34.1309 -8.56934 -0.21973 -3.5889 0.878898 -0.292998 0 -0.9521 0.512701 
65 6.73828 -47.2412 -60.6445 -28.418 -7.91016 -35.083 -8.05664 -0.0732398 -2.7832 0.878902 -0.585901 0 -1.0986 0.51269 
66 6.66504 -50.0244 -59.7656 -29.0039 -7.91016 -36.1816 -7.54395 0 -2.1973 1.1718 -0.585899 0 -0.878902 0.0732503 
67 6.66504 -52.2217 -58.5938 -29.5898 -7.91016 -37.0605 -7.4707 0 0 0 0 0 0 0 
68 6.66504 -52.2217 -58.5938 -29.5898 -7.91016 -37.0605 -7.4707 0 -2.417 0.878998 -0.292999 0 -0.439499 0 
69 6.66504 -54.6387 -57.7148 -29.8828 -7.91016 -37.5 -7.4707 0 -1.7578 0.878902 -0.293001 0 -0.2197 0 
70 6.66504 -56.3965 -56.8359 -30.1758 -7.91016 -37.7197 -7.4707 0 -1.6113 0.585899 0 0 -0.0732994 0.0732398 
71 6.66504 -58.0078 -56.25 -30.1758 -7.91016 -37.793 -7.39746 0 -0.878899 0.585899 0 0 0 0.0732398 
72 6.66504 -58.8867 -55.6641 -30.1758 -7.91016 -37.793 -7.32422 0 -0.585999 0.292999 0 0 0.0732994 0 
73 6.66504 -59.4727 -55.3711 -30.1758 -7.91016 -37.7197 -7.32422 0 -0.1464 0 0 0 -0.0732994 0.0732403 
74 6.66504 -59.6191 -55.3711 -30.1758 -7.91016 -37.793 -7.25098 0 0 0 0 -0.29296 -0.2197 0.14649 
75 6.66504 -59.6191 -55.3711 -30.1758 -8.20312 -38.0127 -7.10449 0 0.0732002 0 0.293001 -0.29297 -0.1465 0 
76 6.66504 -59.5459 -55.3711 -29.8828 -8.49609 -38.1592 -7.10449 0 0.366199 0.293003 0.292999 0 -0.2929 0.14648 
77 6.66504 -59.1797 -55.0781 -29.5898 -8.49609 -38.4521 -6.95801 0.21973 0.292999 0.2929 0.585899 -0.29297 -0.292999 0.43946 
78 6.88477 -58.8867 -54.7852 -29.0039 -8.78906 -38.7451 -6.51855 0 0 0 0 0 0 0 
79 6.88477 -58.8867 -54.7852 -29.0039 -8.78906 -38.7451 -6.51855 1.17187 0.2197 0 0.293001 -0.292971 -0.146503 0.51269 
80 8.05664 -58.667 -54.7852 -28.7109 -9.08203 -38.8916 -6.00586 1.83106 0 0 0.2929 -0.585939 0 0.87891 
81 9.8877 -58.667 -54.7852 -28.418 -9.66797 -38.8916 -5.12695 1.3916 0 0.878998 0 -0.292971 0 0.73242 
82 11.2793 -58.667 -53.9062 -28.418 -9.96094 -38.8916 -4.39453 2.124 0.0732002 0 0 -0.292959 0 0.65918 
83 13.4033 -58.5938 -53.9062 -28.418 -10.2539 -38.8916 -3.73535 1.8311 0.1465 0.585899 0 -0.293 0 0.36621 
84 15.2344 -58.4473 -53.3203 -28.418 -10.5469 -38.8916 -3.36914 1.9775 0.0732994 0.292999 0 -0.2929 0 0.29297 
85 17.2119 -58.374 -53.0273 -28.418 -10.8398 -38.8916 -3.07617 2.7832 0.1465 0.2929 0 -0.293 0 0.14648 
86 19.9951 -58.2275 -52.7344 -28.418 -11.1328 -38.8916 -2.92969 2.2705 0.0732002 0.293003 0.292999 -0.293 0 0 
87 22.2656 -58.1543 -52.4414 -28.125 -11.4258 -38.8916 -2.92969 3.0762 0.0732002 0.292999 0 0 0.0732002 0.0732398 
88 25.3418 -58.0811 -52.1484 -28.125 -11.4258 -38.8184 -2.85645 2.4902 0.512699 0 0.292999 0 0 0.14649 
89 27.832 -57.5684 -52.1484 -27.832 -11.4258 -38.8184 -2.70996 0 0 0 0 0 0 0 
90 27.832 -57.5684 -52.1484 -27.832 -11.4258 -38.8184 -2.70996 2.5635 0.586002 0.2929 0.2929 0 0.0733032 0.07324 
91 30.3955 -56.9824 -51.8555 -27.5391 -11.4258 -38.7451 -2.63672 3.2227 0.732399 0 0.586 0 0.1465 0.14649 
92 33.6182 -56.25 -51.8555 -26.9531 -11.4258 -38.5986 -2.49023 2.417 0.585899 0 0.2929 0 0.2197 0.29296 
93 36.0352 -55.6641 -51.8555 -26.6602 -11.4258 -38.3789 -2.19727 2.3437 0.878902 0.292999 0.586 0 0.2197 0.36622 
94 38.3789 -54.7852 -51.5625 -26.0742 -11.4258 -38.1592 -1.83105 2.7832 0.585999 0 0.585899 -0.292999 0.292999 0.65917 
95 41.1621 -54.1992 -51.5625 -25.4883 -11.7188 -37.8662 -1.17188 2.1973 0.366199 0 0.293001 0 0.585899 0.659185 
96 43.3594 -53.833 -51.5625 -25.1953 -11.7188 -37.2803 -0.512695 2.3437 0.366199 0 0 -0.2929 0.512699 0.952148 
97 45.7031 -53.4668 -51.5625 -25.1953 -12.0117 -36.7676 0.439453 1.4649 0.292999 0 0 -0.293 0.952202 1.31836 
98 47.168 -53.1738 -51.5625 -25.1953 -12.3047 -35.8154 1.75781 0.952099 0.585903 0.585899 0.292999 -0.293 0.878899 1.17188 
99 48.1201 -52.5879 -50.9766 -24.9023 -12.5977 -34.9365 2.92969 1.0254 0.585899 0 0.2929 -0.5859 0.878902 0.8789 
100 49.1455 -52.002 -50.9766 -24.6094 -13.1836 -34.0576 3.80859 0 0 0 0 0 0 0 
101 49.1455 -52.002 -50.9766 -24.6094 -13.1836 -34.0576 3.80859 0.585899 0.585999 0 0 -0.292999 1.1719 0.73243 
102 49.7314 -51.416 -50.9766 -24.6094 -13.4766 -32.8857 4.54102 0.292999 1.0254 0.292999 0 0 0.805599 0.0732403 
103 50.0244 -50.3906 -50.6836 -24.6094 -13.4766 -32.0801 4.61426 0 1.0986 0 0 0 0.732401 0 
104 50.0244 -49.292 -50.6836 -24.6094 -13.4766 -31.3477 4.61426 0 1.6113 -0.292999 0 0 0.9522 0 
105 50.0244 -47.6807 -50.9766 -24.6094 -13.4766 -30.3955 4.61426 0 2.417 0 0 0 0.8057 -0.0732403 
106 50.0244 -45.2637 -50.9766 -24.6094 -13.4766 -29.5898 4.54102 0 2.3438 0 0 0 1.2451 -0.14649 
107 50.0244 -42.9199 -50.9766 -24.6094 -13.4766 -28.3447 4.39453 0 3.0029 0 -0.585899 0 1.0254 -0.0732398 
108 50.0244 -39.917 -50.9766 -25.1953 -13.4766 -27.3193 4.32129 0 2.7832 -0.585899 0 0 0.878901 0 
109 50.0244 -37.1338 -51.5625 -25.1953 -13.4766 -26.4404 4.32129 0 3.1494 0 0 0 1.3916 0 
110 50.0244 -33.9844 -51.5625 -25.1953 -13.4766 -25.0488 4.32129 0 4.1748 -0.292999 0 0 0.585899 -0.0732398 
111 50.0244 -29.8096 -51.8555 -25.1953 -13.4766 -24.4629 4.24805 0 3.2227 -0.2929 0.292999 -0.2929 0.878901 0.0732398 
112 50.0244 -26.5869 -52.1484 -24.9023 -13.7695 -23.584 4.32129 0 0 0 0 0 0 0 
113 50.0244 -26.5869 -52.1484 -24.9023 -13.7695 -23.584 4.32129 -0.0732002 3.5156 -0.292999 0.2929 0 1.0254 -0.0732398 
114 49.9512 -23.0713 -52.4414 -24.6094 -13.7695 -22.5586 4.24805 -0.292999 3.9551 -0.585903 0.586 0 0.8057 -0.14649 
115 49.6582 -19.1162 -53.0273 -24.0234 -13.7695 -21.7529 4.10156 -0.1465 2.6367 -0.878899 0.878899 0 1.0254 -0.21972 
116 49.5117 -16.4795 -53.9062 -23.1445 -13.7695 -20.7275 3.88184 -0.1465 3.4424 -0.878998 0.585901 0 0.805601 -0.5127 
117 49.3652 -13.0371 -54.7852 -22.5586 -13.7695 -19.9219 3.36914 -0.2929 2.9297 -0.2929 1.1719 0 0.439499 -0.95215 
118 49.0723 -10.1074 -55.0781 -21.3867 -13.7695 -19.4824 2.41699 -0.219799 2.56345 -0.586002 1.1719 0 0.512701 -1.09863 
119 48.8525 -7.54395 -55.6641 -20.2148 -13.7695 -18.9697 1.31836 -0.2197 2.70997 -0.585899 1.1718 0 0.0732002 -1.24512 
120 48.6328 -4.83398 -56.25 -19.043 -13.7695 -18.8965 0.0732422 -0.1465 1.75781 -0.292999 1.1719 0 0 -1.75781 
121 48.4863 -3.07617 -56.543 -17.8711 -13.7695 -18.8965 -1.68457 -0.2197 1.75781 -0.878902 0.585899 0 0 -1.24512 
122 48.2666 -1.31836 -57.4219 -17.2852 -13.7695 -18.8965 -2.92969 0 0 0 0 0 0 0 
123 48.2666 -1.31836 -57.4219 -17.2852 -13.7695 -18.8965 -2.92969 -0.293003 1.61133 -0.2929 0.879 0 0.1465 -1.31836 
124 47.9736 0.292969 -57.7148 -16.4062 -13.7695 -18.75 -4.24805 -0.2197 0.805661 -0.292999 0 0 0.0732002 -0.58593 
125 47.7539 1.09863 -58.0078 -16.4062 -13.7695 -18.6768 -4.83398 -0.366199 0.29297 -0.292999 0 0 0.292999 -0.29297 
126 47.3877 1.3916 -58.3008 -16.4062 -13.7695 -18.3838 -5.12695 -0.732401 -0.146482 1.11768e-06 -0.879002 0 0.2197 -0.14649 
127 46.6553 1.24512 -58.3008 -17.2852 -13.7695 -18.1641 -5.27344 -0.878899 -0.21973 0 -0.585899 0 0.366201 -0.21972 
128 45.7764 1.02539 -58.3008 -17.8711 -13.7695 -17.7979 -5.49316 -1.6846 -0.366209 0.292999 -1.1719 -1.11732e-06 0.512698 -0.219729 
129 44.0918 0.65918 -58.0078 -19.043 -13.7695 -17.2852 -5.71289 -1.4648 -0.366211 0 -0.878901 0.2929 0.586 -0.58594 
130 42.627 0.292969 -58.0078 -19.9219 -13.4766 -16.6992 -6.29883 -1.8311 -0.366211 0.292999 -1.1719 0 0.366199 -0.73242 
131 40.7959 -0.0732422 -57.7148 -21.0938 -13.4766 -16.333 -7.03125 -2.7832 -0.65918 0.2929 -1.4648 0.292999 0.292999 -1.09863 
132 38.0127 -0.732422 -57.4219 -22.5586 -13.1836 -16.04 -8.12988 -2.1973 -0.585938 0.586002 -0.878901 1.1719 0.3662 -1.17188 
133 35.8154 -1.31836 -56.8359 -23.4375 -12.0117 -15.6738 -9.30176 0 0 0 0 0 0 0 
134 35.8154 -1.31836 -56.8359 -23.4375 -12.0117 -15.6738 -9.30176 -3.2226 -0.87891 0.585899 -1.1719 0.585899 0.146501 -1.24514 
135 32.5928 -2.19727 -56.25 -24.6094 -11.4258 -15.5273 -10.5469 -2.7832 -0.58593 0.292999 -0.585899 0.878901 0.146399 -1.6113 
136 29.8096 -2.7832 -55.957 -25.1953 -10.5469 -15.3809 -12.1582 -2.9297 -0.58594 0.585899 -0.878901 1.46487 0 -1.3916 
137 26.8799 -3.36914 -55.3711 -26.0742 -9.08203 -15.3809 -13.5498 -3.5889 -0.65918 0.293003 -0.586 1.17187 0 -1.6113 
138 23.291 -4.02832 -55.0781 -26.6602 -7.91016 -15.3809 -15.1611 -2.9297 -0.43945 0.2929 -0.2929 1.75782 0 -1.0987 
139 20.3613 -4.46777 -54.7852 -26.9531 -6.15234 -15.3809 -16.2598 -3.1494 -0.29297 0 0 1.17187 0 -0.878901 
140 17.2119 -4.76074 -54.7852 -26.9531 -4.98047 -15.3809 -17.1387 -3.4424 -0.21973 0.292999 0 1.17188 0 -0.805599 
141 13.7695 -4.98047 -54.4922 -26.9531 -3.80859 -15.3809 -17.9443 -2.7832 -0.14648 0 0.2929 1.17187 0 -0.512701 
142 10.9863 -5.12695 -54.4922 -26.6602 -2.63672 -15.3809 -18.457 -3.0029 0 0 0.586 1.17188 0 -0.366199 
143 7.9834 -5.12695 -54.4922 -26.0742 -1.46484 -15.3809 -18.8232 -2.19727 0 0 0.878901 0.585934 -0.0731993 -0.439499 
144 5.78613 -5.12695 -54.4922 -25.1953 -0.878906 -15.4541 -19.2627 -1.90429 0 0 0.292999 0.585937 -0.0732002 -0.219702 
145 3.88184 -5.12695 -54.4922 -24.9023 -0.292969 -15.5273 -19.4824 0 0 0 0 0 0 0 
146 3.88184 -5.12695 -54.4922 -24.9023 -0.292969 -15.5273 -19.4824 -1.83106 0 0 0.585899 0.292969 -0.146501 -0.292999 
147 2.05078 -5.12695 -54.4922 -24.3164 0 -15.6738 -19.7754 -1.02539 0 0 0.293001 0.292969 -0.1465 -0.4394 
148 1.02539 -5.12695 -54.4922 -24.0234 0.292969 -15.8203 -20.2148 -0.732421 0 0 0 0 -0.0733004 -0.366301 
149 0.292969 -5.12695 -54.4922 -24.0234 0.292969 -15.8936 -20.5811 -0.512696 0 0 0 0 -0.1464 -0.2929 
150 -0.219727 -5.12695 -54.4922 -24.0234 0.292969 -16.04 -20.874 -0.073242 0 0 0 0 0 -0.1465 
151 -0.292969 -5.12695 -54.4922 -24.0234 0.292969 -16.04 -21.0205 0 0 0 0 0 0 -0.0732994 
152 -0.292969 -5.12695 -54.4922 -24.0234 0.292969 -16.04 -21.0938 0 0 -0.292999 -0.293001 0 0 0 
153 -0.292969 -5.12695 -54.7852 -24.3164 0.292969 -16.04 -21.0938 0 0 0 -0.585899 0 0 0 
154 -0.292969 -5.12695 -54.7852 -24.9023 0.292969 -16.04 -21.0938 0 0 0 -0.292999 0 0 0 
155 -0.292969 -5.12695 -54.7852 -25.1953 0.292969 -16.04 -21.0938 0.512696 0 -0.2929 -2.0508 0 0 0 
156 0.219727 -5.12695 -55.0781 -27.2461 0.292969 -16.04 -21.0938 0 0 0 0 0 0 0 
157 0.219727 -5.12695 -55.0781 -27.2461 0.292969 -16.04 -21.0938 0.805663 -0.36621 0 -1.7578 0 0 0 
158 1.02539 -5.49316 -55.0781 -29.0039 0.292969 -16.04 -21.0938 0.73242 -0.43946 0 -2.3438 0 0 0 
159 1.75781 -5.93262 -55.0781 -31.3477 0.292969 -16.04 -21.0938 0.80567 -0.36621 0 -3.5156 0 0 -0.0732002 
160 2.56348 -6.29883 -55.0781 -34.8633 0.292969 -16.04 -21.167 1.09863 -0.73242 -0.293003 -2.9297 0 0 0 
161 3.66211 -7.03125 -55.3711 -37.793 0.292969 -16.04 -21.167 0.87891 -0.58594 -0.585899 -3.2226 0 0 -0.0732002 
162 4.54102 -7.61719 -55.957 -41.0156 0.292969 -16.04 -21.2402 0.8789 -0.51269 -1.4649 -3.8086 0 0 0 
163 5.41992 -8.12988 -57.4219 -44.8242 0.292969 -16.04 -21.2402 1.02539 -0.43946 -0.585899 -2.9297 0 0 -0.0732994 
164 6.44531 -8.56934 -58.0078 -47.7539 0.292969 -16.04 -21.3135 0.73242 -0.29296 -0.878899 -2.9297 0 0 0 
165 7.17773 -8.8623 -58.8867 -50.6836 0.292969 -16.04 -21.3135 0.87891 -0.21973 -0.585999 -3.5156 0 -0.0732994 -0.0732002 
166 8.05664 -9.08203 -59.4727 -54.1992 0.292969 -16.1133 -21.3867 1.09863 -0.0732393 -0.878902 -2.6367 0 -0.1465 0.0732002 
167 9.15527 -9.15527 -60.3516 -56.8359 0.292969 -16.2598 -21.3135 0 0 0 0 0 0 0 
168 9.15527 -9.15527 -60.3516 -56.8359 0.292969 -16.2598 -21.3135 0.805671 -0.14649 -0.585899 -2.9297 0 -0.2929 -0.0732002 
169 9.96094 -9.30176 -60.9375 -59.7656 0.292969 -16.5527 -21.3867 1.02536 -0.0732403 -0.878899 -2.3438 0 -0.366199 0 
170 10.9863 -9.375 -61.8164 -62.1094 0.292969 -16.9189 -21.3867 0.805699 -0.0732403 -0.293003 -1.7578 0 -0.439501 0 
171 11.792 -9.44824 -62.1094 -63.8672 0.292969 -17.3584 -21.3867 0.8057 0 -0.2929 -2.6367 0 -0.439499 0 
172 12.5977 -9.44824 -62.4023 -66.5039 0.292969 -17.7979 -21.3867 1.0986 0 -0.292999 -1.7578 0 -0.5126 0.0732002 
173 13.6963 -9.44824 -62.6953 -68.2617 0.292969 -18.3105 -21.3135 0.8057 0 -0.292999 -2.0508 0 -0.7325 -0.0732002 
174 14.502 -9.44824 -62.9883 -70.3125 0.292969 -19.043 -21.3867 1.0253 0 -0.2929 -2.0508 0 -0.659101 0 
175 15.5273 -9.44824 -63.2812 -72.3633 0.292969 -19.7021 -21.3867 0.8057 0 0 -1.46481 0 -0.7325 0.0732002 
176 16.333 -9.44824 -63.2812 -73.8281 0.292969 -20.4346 -21.3135 0.878901 0 0 -2.0508 0 -1.0254 -0.0732002 
177 17.2119 -9.44824 -63.2812 -75.8789 0.292969 -21.46 -21.3867 1.0254 0 0 -1.4649 0 -0.732401 0 
178 18.2373 -9.44824 -63.2812 -77.3438 0.292969 -22.1924 -21.3867 0 0 0 0 0 0 0 
179 18.2373 -9.44824 -63.2812 -77.3438 0.292969 -22.1924 -21.3867 0.732399 0 0 -1.1718 -0.292969 -0.952101 0 
180 18.9697 -9.44824 -63.2812 -78.5156 0 -23.1445 -21.3867 0.586 0 0 -1.7578 0 -0.805698 0 
181 19.5557 -9.44824 -63.2812 -80.2734 0 -23.9502 -21.3867 0.6591 0 0 -1.1719 0 -0.659201 0 
182 20.2148 -9.44824 -63.2812 -81.4453 0 -24.6094 -21.3867 0.439501 0 0 -1.17191 0 -0.659201 0 
183 20.6543 -9.44824 -63.2812 -82.6172 0 -25.2686 -21.3867 0.439499 0 0 -1.4648 0 -0.5126 0.0732002 
184 21.0938 -9.44824 -63.2812 -84.082 0 -25.7812 -21.3135 0.2929 0 0 -0.585999 0 -0.366299 0 
185 21.3867 -9.44824 -63.2812 -84.668 0 -26.1475 -21.3135 0.2197 0 0 -1.1718 0 -0.1464 -0.0732002 
186 21.6064 -9.44824 -63.2812 -85.8398 0 -26.2939 -21.3867 0.219801 0 0 -0.292999 0 0 0.0732002 
187 21.8262 -9.44824 -63.2812 -86.1328 0 -26.2939 -21.3135 0.2197 0 0.2929 -1.17191 0 0 0 
188 22.0459 -9.44824 -62.9883 -87.3047 0 -26.2939 -21.3135 0.1465 0 0.292999 -0.292999 0 0 0 
189 22.1924 -9.44824 -62.6953 -87.5977 0 -26.2939 -21.3135 0 0 0 0 0 0 0 
190 22.1924 -9.44824 -62.6953 -87.5977 0 -26.2939 -21.3135 0.1465 0 0 -0.2929 0 0 0 
191 22.3389 -9.44824 -62.6953 -87.8906 0 -26.2939 -21.3135 0.0732002 0 0 -0.585999 0 0 0 
192 22.4121 -9.44824 -62.6953 -88.4766 0 -26.2939 -21.3135 0.1465 0 0 -0.2929 0 0 0 
193 22.5586 -9.44824 -62.6953 -88.7695 0 -26.2939 -21.3135 0.0732002 0 0.292999 -0.292999 0 0 0 
194 22.6318 -9.44824 -62.4023 -89.0625 0 -26.2939 -21.3135 0.0732994 0.21972 0 -0.292999 0 0 0 
195 22.7051 -9.22852 -62.4023 -89.3555 0 -26.2939 -21.3135 0.0732002 0.21973 0 -0.2929 0 0 -0.0732002 
196 22.7783 -9.00879 -62.4023 -89.6484 0 -26.2939 -21.3867 0 0.14649 0.2929 0 0 0 0 
197 22.7783 -8.8623 -62.1094 -89.6484 0 -26.2939 -21.3867 0 0.21972 0 0 0 0 0.0732002 
198 22.7783 -8.64258 -62.1094 -89.6484 0 -26.2939 -21.3135 0 0.0732403 0 0 0 0 0 
199 22.7783 -8.56934 -62.1094 -89.6484 0 -26.2939 -21.3135 0 0.0732498 0 0 0 0 0 
200 22.7783 -8.49609 -62.1094 -89.6484 0 -26.2939 -21.3135 0 0 0 0 0 0 0 
201 22.7783 -8.49609 -62.1094 -89.6484 0 -26.2939 -21.3135 0 0.0732403 0 0 0 0 0 
202 22.7783 -8.42285 -62.1094 -89.6484 0 -26.2939 -21.3135 0 0 0 0 0 0 -0.0732002 
203 22.7783 -8.42285 -62.1094 -89.6484 0 -26.2939 -21.3867 0 0 0 0 0 0.0732002 0.0732002 
204 22.7783 -8.42285 -62.1094 -89.6484 0 -26.2207 -21.3135 0 0 0 0 0 -0.0732002 0 
205 22.7783 -8.42285 -62.1094 -89.6484 0 -26.2939 -21.3135 0 0 0 0 0 0 0 
206 22.7783 -8.42285 -62.1094 -89.6484 0 -26.2939 -21.3135 0 0 0 0 0 0 0 
207 22.7783 -8.42285 -62.1094 -89.6484 0 -26.2939 -21.3135 0 0 0 0 0 0 -0.0732002 
208 22.7783 -8.42285 -62.1094 -89.6484 0 -26.2939 -21.3867 0 0.0732393 0 0 0 0 0.0732002 
209 22.7783 -8.34961 -62.1094 -89.6484 0 -26.2939 -21.3135 0 0.0732403 0 0 0 0 0 
210 22.7783 -8.27637 -62.1094 -89.6484 0 -26.2939 -21.3135 0 0.0732498 0 0 0 0 0 
211 22.7783 -8.20312 -62.1094 -89.6484 0 -26.2939 -21.3135 0 0 0 0 0 0 0 
212 22.7783 -8.20312 -62.1094 -89.6484 0 -26.2939 -21.3135 0 0.146481 0 0.2929 0 0 0 
213 22.7783 -8.05664 -62.1094 -89.3555 0 -26.2939 -21.3135 0 0.14648 0 0.292999 0 0 0 
214 22.7783 -7.91016 -62.1094 -89.0625 0 -26.2939 -21.3135 0 0.14649 0 0.292999 0 0 0 
215 22.7783 -7.76367 -62.1094 -88.7695 0 -26.2939 -21.3135 0 0.14648 0 0 0 0 0 
216 22.7783 -7.61719 -62.1094 -88.7695 0 -26.2939 -21.3135 0 0.21973 0 0 0 0 -0.0732002 
217 22.7783 -7.39746 -62.1094 -88.7695 0 -26.2939 -21.3867 0 0.14648 0 0 0 0 0.0732002 
218 22.7783 -7.25098 -62.1094 -88.7695 0 -26.2939 -21.3135 0 0.14649 0 0.2929 0 0 0 
219 22.7783 -7.10449 -62.1094 -88.4766 0 -26.2939 -21.3135 0 0.14648 0 0 0 0 0 
220 22.7783 -6.95801 -62.1094 -88.4766 0 -26.2939 -21.3135 0 0.21973 0 0 0 0 0 
221 22.7783 -6.73828 -62.1094 -88.4766 0 -26.2939 -21.3135 0 0.14648 0 0 0 0 0 
222 22.7783 -6.5918 -62.1094 -88.4766 0 -26.2939 -21.3135 0 0 0 0 0 0 0 
223 22.7783 -6.5918 -62.1094 -88.4766 0 -26.2939 -21.3135 0 0.0732503 0 0 0 0.0732002 -0.0732002 
224 22.7783 -6.51855 -62.1094 -88.4766 0 -26.2207 -21.3867 0 0.14648 0 0 0 0 0.0732002 
225 22.7783 -6.37207 -62.1094 -88.4766 0 -26.2207 -21.3135 0 0.14648 0 0 0 -0.0732002 0 
226 22.7783 -6.22559 -62.1094 -88.4766 0 -26.2939 -21.3135 0 0.0732503 0 0 0 0.0732002 0 
227 22.7783 -6.15234 -62.1094 -88.4766 0 -26.2207 -21.3135 0 0.0732398 0 0 0 0 0 
228 22.7783 -6.0791 -62.1094 -88.4766 0 -26.2207 -21.3135 0 0.0732403 0 0 0 -0.0732002 0 
229 22.7783 -6.00586 -62.1094 -88.4766 0 -26.2939 -21.3135 0 0 0 0 0 0 0 
230 22.7783 -6.00586 -62.1094 -88.4766 0 -26.2939 -21.3135 0 0 0 0 0 0 0 
231 22.7783 -6.00586 -62.1094 -88.4766 0 -26.2939 -21.3135 0 0 0 0 0 0 0 
232 22.7783 -6.00586 -62.1094 -88.4766 0 -26.2939 -21.3135 0 0 0 0 0 0 0 
233 22.7783 -6.00586 -62.1094 -88.4766 0 -26.2939 -21.3135 0 0 0 -0.2929 0 0 -0.0732002 
234 22.7783 -6.00586 -62.1094 -88.7695 0 -26.2939 -21.3867 0 0 0 0 0 0 0 
235 22.7783 -6.00586 -62.1094 -88.7695 0 -26.2939 -21.3867 0 0 0 0.2929 0 0 0 
236 22.7783 -6.00586 -62.1094 -88.4766 0 -26.2939 -21.3867 0 0 0 0 0 0 0.0732002 
237 22.7783 -6.00586 -62.1094 -88.4766 0 -26.2939 -21.3135 0 0 0 0 0 0 0 
238 22.7783 -6.00586 -62.1094 -88.4766 0 -26.2939 -21.3135 0 0 0 0 0 0 -0.0732002 
239 22.7783 -6.00586 -62.1094 -88.4766 0 -26.2939 -21.3867 0 0 0 0 0 0 0.0732002 
240 22.7783 -6.00586 -62.1094 -88.4766 0 -26.2939 -21.3135 0 0 0 0 0 0.0732002 -0.0732002 
241 22.7783 -6.00586 -62.1094 -88.4766 0 -26.2207 -21.3867 0 0 0 0 0 -0.0732002 0.0732002 
242 22.7783 -6.00586 -62.1094 -88.4766 0 -26.2939 -21.3135 0 0 0 0 0 0 0 
243 22.7783 -6.00586 -62.1094 -88.4766 0 -26.2939 -21.3135 0 0 0 0 0 0 0 
244 22.7783 -6.00586 -62.1094 -88.4766 0 -26.2939 -21.3135 0 0 0 0 0 0 -0.0732002 
245 22.7783 -6.00586 -62.1094 -88.4766 0 -26.2939 -21.3867 0 0 0 0 0 0 0 
246 22.7783 -6.00586 -62.1094 -88.4766 0 -26.2939 -21.3867 0 0 0 0 0 0 0.0732002 
247 22.7783 -6.00586 -62.1094 -88.4766 0 -26.2939 -21.3135 0 0 0 0 0 0.0732002 -0.0732002 
248 22.7783 -6.00586 -62.1094 -88.4766 0 -26.2207 -21.3867 0 0 0 0 0 -0.0732002 0.0732002 
249 22.7783 -6.00586 -62.1094 -88.4766 0 -26.2939 -21.3135 0 0 0 0 0 0 -0.0732002 
