0.00654436 -0.122024 -0.0419597 -0.14282 -0.051398 -0.0332855 0.048378 
0.00777407 -0.104528 -0.0410125 -0.137596 -0.0508792 -0.0289707 0.0485441 
0.00777407 -0.104528 -0.0410125 -0.137596 -0.0508792 -0.0289707 0.0485441 
0.00780259 -0.0907947 -0.043101 -0.130302 -0.0545574 -0.0240962 0.0475539 
0.00777407 -0.104528 -0.0410125 -0.137596 -0.0508792 -0.0289707 0.0485441 
0.00746966 -0.0894506 -0.0440797 -0.130243 -0.0546867 -0.0239173 0.0471547 
0.00743352 -0.103184 -0.0419886 -0.137537 -0.0510067 -0.0287911 0.0481425 
0.00624285 -0.136859 -0.0404601 -0.152459 -0.0492178 -0.0388689 0.0492071 
0.00624285 -0.136859 -0.0404601 -0.152459 -0.0492178 -0.0388689 0.0492071 
0.00207834 -0.130097 -0.0341082 -0.144826 -0.0445376 -0.0418888 0.0541477 
0.00207834 -0.130097 -0.0341082 -0.144826 -0.0445376 -0.0418888 0.0541477 
0.00207834 -0.130097 -0.0341082 -0.144826 -0.0445376 -0.0418888 0.0541477 
0.00230063 -0.116358 -0.0362158 -0.13752 -0.0482738 -0.0370309 0.053215 
0.00230063 -0.116358 -0.0362158 -0.13752 -0.0482738 -0.0370309 0.053215 
0.00230063 -0.116358 -0.0362158 -0.13752 -0.0482738 -0.0370309 0.053215 
-0.000113275 -0.119918 -0.0320308 -0.137486 -0.0439788 -0.0409459 0.0560641 
-0.000113275 -0.119918 -0.0320308 -0.137486 -0.0439788 -0.0409459 0.0560641 
-0.000113275 -0.119918 -0.0320308 -0.137486 -0.0439788 -0.0409459 0.0560641 
0.000103198 -0.106202 -0.034136 -0.130198 -0.0477109 -0.0360905 0.0551279 
-0.000113275 -0.119918 -0.0320308 -0.137486 -0.0439788 -0.0409459 0.0560641 
0.000103198 -0.106202 -0.034136 -0.130198 -0.0477109 -0.0360905 0.0551279 
-0.0024749 -0.109803 -0.0299865 -0.130256 -0.0433512 -0.0399862 0.057913 
0.000103198 -0.106202 -0.034136 -0.130198 -0.0477109 -0.0360905 0.0551279 
-0.00226426 -0.0960942 -0.0320917 -0.122976 -0.0470839 -0.0351272 0.056972 
-0.00226426 -0.0960942 -0.0320917 -0.122976 -0.0470839 -0.0351272 0.056972 
-0.00226426 -0.0960942 -0.0320917 -0.122976 -0.0470839 -0.0351272 0.056972 
-0.00209014 -0.0824166 -0.0341905 -0.115719 -0.0507986 -0.0302733 0.0560207 
-0.00438887 -0.117222 -0.0359693 -0.125911 -0.0519207 -0.0389253 0.0557812 
-0.00459615 -0.130945 -0.0338596 -0.133193 -0.0481926 -0.0437847 0.056722 
-0.00583505 -0.134709 -0.036844 -0.131075 -0.0523807 -0.0432401 0.0555704 
-0.00583505 -0.134709 -0.036844 -0.131075 -0.0523807 -0.0432401 0.0555704 
-0.00605636 -0.148451 -0.0347298 -0.138368 -0.0486469 -0.048102 0.0565069 
-0.00745833 -0.152273 -0.0377119 -0.136289 -0.0527819 -0.0475551 0.0553056 
-0.00583505 -0.134709 -0.036844 -0.131075 -0.0523807 -0.0432401 0.0555704 
-0.00583505 -0.134709 -0.036844 -0.131075 -0.0523807 -0.0432401 0.0555704 
-0.00583505 -0.134709 -0.036844 -0.131075 -0.0523807 -0.0432401 0.0555704 
-0.00745833 -0.152273 -0.0377119 -0.136289 -0.0527819 -0.0475551 0.0553056 
-0.00769219 -0.166032 -0.0355935 -0.143591 -0.0490431 -0.0524192 0.0562381 
-0.00745833 -0.152273 -0.0377119 -0.136289 -0.0527819 -0.0475551 0.0553056 
-0.00745833 -0.152273 -0.0377119 -0.136289 -0.0527819 -0.0475551 0.0553056 
-0.00923938 -0.16986 -0.0385711 -0.141534 -0.0531283 -0.0518584 0.0549918 
-0.0154204 -0.222868 -0.0411116 -0.157477 -0.0538836 -0.0647374 0.0537906 
-0.0367517 -0.381454 -0.0451863 -0.210873 -0.0519095 -0.104571 0.05029 
-0.0693155 -0.560489 -0.0482328 -0.25184 -0.0544557 -0.141498 0.0449109 
-0.0908144 -0.729889 -0.0405736 -0.291279 -0.0548354 -0.177475 0.0459074 
-0.088988 -0.751 -0.0353278 -0.267843 -0.0666909 -0.173835 0.0515649 
-0.088988 -0.751 -0.0353278 -0.267843 -0.0666909 -0.173835 0.0515649 
-0.104102 -0.823618 -0.0423175 -0.275992 -0.0794374 -0.181541 0.0454787 
-0.0987206 -0.781836 -0.0496044 -0.238671 -0.0997169 -0.15908 0.0434794 
-0.104672 -0.843267 -0.0506829 -0.245859 -0.110026 -0.166026 0.0427498 
-0.112247 -0.948239 -0.0354351 -0.267926 -0.103911 -0.192484 0.0527608 
-0.11371 -1.02323 -0.016233 -0.271312 -0.103841 -0.202651 0.0632556 
-0.14195 -1.24838 0.00664043 -0.327067 -0.091759 -0.255224 0.0714505 
-0.167318 -1.43073 0.0429505 -0.353554 -0.0801823 -0.304329 0.0884407 
-0.167786 -1.52702 0.0906584 -0.348262 -0.0766382 -0.325141 0.107836 
-0.11657 -1.48358 0.188045 -0.290468 -0.0922415 -0.349201 0.134135 
0.10692 -1.13366 0.386949 -0.136534 -0.139449 -0.351313 0.191382 
0.10692 -1.13366 0.386949 -0.136534 -0.139449 -0.351313 0.191382 
0.551809 -0.438205 0.668942 0.104427 -0.222347 -0.320618 0.270986 
0.718031 -0.355224 0.73304 0.159556 -0.239472 -0.298849 0.300715 
0.837735 -0.396719 0.747638 0.154707 -0.248211 -0.282117 0.323949 
0.909806 -0.442695 0.759555 0.145553 -0.24658 -0.264452 0.333743 
1.02875 -0.488325 0.769836 0.128551 -0.253202 -0.248374 0.358081 
1.10905 -0.535403 0.783797 0.131173 -0.25555 -0.233255 0.372568 
1.18248 -0.585535 0.793908 0.122162 -0.253898 -0.218465 0.386858 
1.32809 -0.62396 0.798156 0.101428 -0.266831 -0.205335 0.423405 
1.42229 -0.660467 0.80141 0.0927225 -0.271674 -0.190962 0.446635 
1.50043 -0.692805 0.801493 0.079813 -0.275288 -0.183959 0.470377 
1.50043 -0.692805 0.801493 0.079813 -0.275288 -0.183959 0.470377 
1.60695 -0.711487 0.798823 0.0617478 -0.286597 -0.177142 0.500794 
1.6882 -0.725582 0.797438 0.0495889 -0.295689 -0.17264 0.524165 
1.76775 -0.732685 0.795266 0.0346668 -0.305691 -0.168404 0.545739 
1.81342 -0.738535 0.794658 0.0250088 -0.311096 -0.16695 0.558407 
1.84651 -0.739762 0.79374 0.0192278 -0.31591 -0.165987 0.567563 
1.85032 -0.741273 0.793936 0.0188622 -0.31591 -0.164647 0.568005 
1.84178 -0.748288 0.795324 0.0190238 -0.311587 -0.164157 0.562915 
1.83704 -0.753284 0.794871 0.00942935 -0.307859 -0.167725 0.560604 
1.81147 -0.762608 0.796256 0.000734463 -0.300422 -0.171378 0.554647 
1.78452 -0.764061 0.792726 -0.0136853 -0.29093 -0.170778 0.544154 
1.78452 -0.764061 0.792726 -0.0136853 -0.29093 -0.170778 0.544154 
1.73877 -0.719324 0.76452 -0.0188517 -0.282072 -0.149491 0.527061 
1.68978 -0.645289 0.720697 -0.0215862 -0.273026 -0.112905 0.503646 
1.65341 -0.597806 0.689735 -0.0236825 -0.265189 -0.0864876 0.488506 
1.59303 -0.509972 0.63759 -0.0215006 -0.256819 -0.0447932 0.465977 
1.54257 -0.441142 0.59246 -0.0274064 -0.248301 -0.0145126 0.450305 
1.49184 -0.362968 0.542357 -0.0328987 -0.240692 0.019051 0.434577 
1.42083 -0.250986 0.469962 -0.0432332 -0.231033 0.0639829 0.415631 
1.37024 -0.160166 0.409161 -0.062881 -0.223348 0.0968364 0.40356 
1.29871 -0.0320122 0.327966 -0.0749383 -0.215867 0.147104 0.387216 
1.21696 0.0733362 0.262466 -0.0873239 -0.20571 0.185968 0.367008 
1.21696 0.0733362 0.262466 -0.0873239 -0.20571 0.185968 0.367008 
1.13482 0.180134 0.195086 -0.102658 -0.195422 0.223572 0.348104 
1.03329 0.320067 0.109363 -0.123811 -0.183597 0.271757 0.323494 
0.955153 0.427346 0.046731 -0.131515 -0.175429 0.311099 0.302183 
0.867704 0.528775 -0.0134142 -0.147018 -0.164388 0.345359 0.279053 
0.782698 0.651768 -0.0843091 -0.158846 -0.154004 0.392039 0.250998 
0.7282 0.758429 -0.139536 -0.158695 -0.151639 0.43332 0.23112 
0.661814 0.867125 -0.195461 -0.147043 -0.146209 0.481556 0.203059 
0.629482 0.948987 -0.226102 -0.12354 -0.147925 0.520313 0.178467 
0.599846 1.00146 -0.243403 -0.112692 -0.146924 0.542621 0.157993 
0.570247 1.06097 -0.265098 -0.10194 -0.146313 0.564614 0.136849 
0.570247 1.06097 -0.265098 -0.10194 -0.146313 0.564614 0.136849 
0.558783 1.11009 -0.275475 -0.0806135 -0.152101 0.581064 0.122239 
0.529047 1.13686 -0.280773 -0.070456 -0.153065 0.582319 0.112903 
0.499412 1.15274 -0.278922 -0.0578355 -0.153942 0.578905 0.103473 
0.450309 1.17646 -0.276547 -0.0376806 -0.154216 0.575172 0.0876754 
0.358641 1.19322 -0.272298 -0.0171611 -0.146274 0.565825 0.0628095 
0.28653 1.21982 -0.269021 0.00509112 -0.144555 0.556444 0.0426225 
0.167173 1.24014 -0.261611 0.0480783 -0.135229 0.549365 0.00901406 
0.0558774 1.26478 -0.257022 0.0777794 -0.12628 0.542372 -0.0234341 
-0.0531835 1.29436 -0.251154 0.108585 -0.119955 0.531723 -0.0549381 
-0.241136 1.30842 -0.243277 0.141306 -0.0965533 0.516642 -0.104876 
-0.369852 1.32803 -0.237546 0.16344 -0.0822522 0.504257 -0.143168 
-0.369852 1.32803 -0.237546 0.16344 -0.0822522 0.504257 -0.143168 
-0.505376 1.34976 -0.23054 0.187021 -0.0693262 0.488932 -0.180197 
-0.662635 1.36072 -0.218434 0.205508 -0.0514169 0.466389 -0.221996 
-0.747794 1.38716 -0.215252 0.209557 -0.0463865 0.450129 -0.245219 
-0.879649 1.40746 -0.210943 0.221108 -0.0334367 0.429172 -0.277583 
-0.98033 1.40797 -0.207503 0.19817 -0.0199286 0.395073 -0.294099 
-1.06158 1.41647 -0.208245 0.173463 -0.0108046 0.363423 -0.305111 
-1.16323 1.41467 -0.209161 0.143998 0.00454293 0.32896 -0.318888 
-1.2176 1.40248 -0.214438 0.0931044 0.0139345 0.292005 -0.315406 
-1.32786 1.31267 -0.199997 0.0321441 0.0380235 0.266953 -0.342406 
-1.32786 1.31267 -0.199997 0.0321441 0.0380235 0.266953 -0.342406 
-1.67223 0.793693 -0.153085 -0.258913 0.17223 0.233143 -0.46597 
-1.93922 0.407165 -0.161804 -0.480931 0.298982 0.217042 -0.562584 
-2.09258 0.195712 -0.162729 -0.592811 0.37578 0.208404 -0.615427 
-2.10083 0.122934 -0.174549 -0.635766 0.396449 0.206779 -0.624917 
-2.1338 0.02544 -0.167935 -0.675759 0.425477 0.203309 -0.640202 
-2.11007 -0.0396014 -0.166517 -0.696077 0.43798 0.202117 -0.640762 
-2.17668 -0.205723 -0.179188 -0.780615 0.502587 0.194941 -0.667565 
-2.15525 -0.28113 -0.20871 -0.825845 0.537639 0.185604 -0.664586 
-2.05241 -0.322994 -0.239978 -0.849221 0.553105 0.172048 -0.63834 
-1.92689 -0.314412 -0.290724 -0.835531 0.561864 0.148202 -0.599469 
-1.92689 -0.314412 -0.290724 -0.835531 0.561864 0.148202 -0.599469 
-1.73972 -0.289166 -0.296577 -0.792063 0.536579 0.130554 -0.546297 
-1.58521 -0.249228 -0.319676 -0.736177 0.533013 0.0980872 -0.490505 
-1.38306 -0.207195 -0.379532 -0.71387 0.516278 0.0707942 -0.431817 
-1.1919 -0.16823 -0.395075 -0.657968 0.495974 0.0429857 -0.371571 
-1.02669 -0.13593 -0.427492 -0.625686 0.474132 0.0236643 -0.325704 
-0.917377 -0.125637 -0.418634 -0.586447 0.45451 0.0146936 -0.295823 
-0.808956 -0.121478 -0.4153 -0.552451 0.434737 0.00885076 -0.268742 
-0.73493 -0.121331 -0.396031 -0.517921 0.413902 0.00797046 -0.252086 
-0.687166 -0.13183 -0.364402 -0.481223 0.393741 0.0124744 -0.244281 
-0.666016 -0.133509 -0.312104 -0.422724 0.377562 0.0114617 -0.236281 
-0.631578 -0.141668 -0.292684 -0.406106 0.363047 0.0155027 -0.231175 
-0.631578 -0.141668 -0.292684 -0.406106 0.363047 0.0155027 -0.231175 
-0.609038 -0.147205 -0.250787 -0.370046 0.346621 0.0178816 -0.225721 
-0.576041 -0.139325 -0.245425 -0.351602 0.341542 0.0108903 -0.213474 
-0.55389 -0.136234 -0.248378 -0.346645 0.343234 0.00517668 -0.204374 
-0.52798 -0.131391 -0.253911 -0.346794 0.34174 0.000420238 -0.195553 
-0.52306 -0.127837 -0.25808 -0.344333 0.344884 -0.00334854 -0.191867 
-0.520811 -0.125578 -0.260762 -0.343162 0.346687 -0.00547319 -0.18994 
-0.515177 -0.130042 -0.273239 -0.365965 0.349823 -0.00430177 -0.190306 
-0.492631 -0.133908 -0.30952 -0.405529 0.354846 -0.00361499 -0.188026 
-0.481168 -0.135914 -0.327701 -0.425702 0.357312 -0.00324368 -0.186873 
-0.404278 -0.147795 -0.458036 -0.581232 0.376932 -0.00268069 -0.178804 
-0.404278 -0.147795 -0.458036 -0.581232 0.376932 -0.00268069 -0.178804 
-0.299471 -0.140987 -0.544682 -0.689708 0.372998 -0.00391615 -0.160865 
-0.149119 -0.143779 -0.658514 -0.869155 0.36348 -0.00102629 -0.137844 
0.110196 -0.185199 -0.838683 -1.29124 0.340227 0.0150524 -0.104399 
0.375975 -0.224391 -0.905821 -1.71351 0.270877 0.0303225 -0.0672074 
0.686916 -0.31776 -0.87427 -2.35631 0.148807 0.0366364 -0.0325102 
0.85831 -0.391224 -0.684636 -2.76691 0.0280565 -0.0738558 -0.0287617 
0.871598 -0.369678 -0.614353 -2.74715 -0.00350734 -0.130823 -0.0224829 
0.854016 -0.349872 -0.537142 -2.66624 -0.0204577 -0.21946 -0.0274691 
0.828552 -0.316963 -0.48799 -2.52907 -0.0256782 -0.274597 -0.0255692 
0.792732 -0.295117 -0.41743 -2.40662 -0.0352911 -0.354707 -0.0352612 
0.792732 -0.295117 -0.41743 -2.40662 -0.0352911 -0.354707 -0.0352612 
0.768651 -0.267224 -0.363576 -2.28256 -0.035052 -0.400194 -0.0356704 
0.739843 -0.24768 -0.284776 -2.17365 -0.0394071 -0.469233 -0.0450236 
0.721178 -0.223804 -0.247603 -2.0873 -0.0395283 -0.481979 -0.0434441 
0.692017 -0.195294 -0.212594 -1.95508 -0.035267 -0.496964 -0.0414119 
0.664969 -0.168585 -0.174049 -1.85268 -0.0373973 -0.507595 -0.0411473 
0.645245 -0.143533 -0.12627 -1.74567 -0.0289861 -0.507753 -0.039139 
0.620197 -0.115296 -0.0820156 -1.63263 -0.0255968 -0.511815 -0.0374594 
0.599352 -0.0876867 -0.0565461 -1.54557 -0.0222385 -0.490538 -0.0316626 
0.581301 -0.0541089 -0.020044 -1.43166 -0.00951544 -0.453973 -0.0226217 
0.563323 -0.0243193 0.00516615 -1.33975 -0.00527016 -0.426672 -0.0158217 
0.563323 -0.0243193 0.00516615 -1.33975 -0.00527016 -0.426672 -0.0158217 
0.545799 0.00223172 0.0429261 -1.25809 0.00307082 -0.389123 -0.00916527 
0.527702 0.0289542 0.0714579 -1.16431 0.0122567 -0.364969 -0.00240193 
0.514254 0.051114 0.0948671 -1.09462 0.0176764 -0.342493 0.00289651 
0.502007 0.0703584 0.11869 -1.03047 0.0247627 -0.322192 0.00777574 
0.48301 0.0916998 0.136033 -0.953369 0.028499 -0.311234 0.0123744 
0.476512 0.102528 0.149278 -0.919326 0.0318879 -0.299242 0.0150371 
0.466719 0.115001 0.155354 -0.860269 0.037363 -0.291078 0.0187707 
0.449676 0.121403 0.162067 -0.830181 0.0331584 -0.286876 0.0187041 
0.143603 0.139371 0.304753 -0.369852 0.0085081 -0.0620323 0.0067647 
0.226364 0.148542 0.173508 -0.476338 0.0178902 -0.113423 0.0151911 
0.226364 0.148542 0.173508 -0.476338 0.0178902 -0.113423 0.0151911 
0.129412 0.147098 0.200226 -0.319033 0.00889001 -0.0563467 0.00840659 
0.0696693 0.14016 0.214888 -0.1685 0.0035085 -0.0184682 0.00732047 
0.0739312 0.137987 0.20965 -0.138359 0.00397542 -0.0196891 0.00992369 
0.139461 0.152105 0.0932473 -0.243629 0.0121532 -0.0614083 0.016277 
0.0581591 0.134989 0.0966005 -0.0766074 0.00499775 -0.0175978 0.0100424 
0.0504715 0.119164 0.115217 -0.00238765 0.00458007 -0.00897031 0.012491 
0.0179632 0.122894 0.00287721 0.00945519 0.00264461 -0.0029303 0.0067452 
0.00139879 0.114973 -0.0171181 0.0301844 0.000644211 0.00206732 0.00413245 
0.000114568 0.111668 -0.0167028 0.0359244 0.000439613 0.00270199 0.00405851 
-0.000665091 0.108412 -0.016205 0.0409152 0.000305405 0.00310818 0.00403226 
-0.000665091 0.108412 -0.016205 0.0409152 0.000305405 0.00310818 0.00403226 
-0.0011334 0.105188 -0.0156572 0.0454426 0.000216135 0.00337309 0.00403463 
0.00215146 0.10221 0.00482535 0.0563486 0.00026842 0.00440746 0.00553403 
-0.00536503 0.108346 -0.0425023 0.0289581 0.000167668 0.0018304 0.00197225 
-0.0011334 0.105188 -0.0156572 0.0454426 0.000216135 0.00337309 0.00403463 
-0.0011334 0.105188 -0.0156572 0.0454426 0.000216135 0.00337309 0.00403463 
-0.0011334 0.105188 -0.0156572 0.0454426 0.000216135 0.00337309 0.00403463 
0.00215146 0.10221 0.00482535 0.0563486 0.00026842 0.00440746 0.00553403 
-0.00140727 0.101984 -0.0150785 0.0496808 0.000155854 0.00354957 0.0040544 
-0.00155783 0.0987933 -0.0144804 0.0537356 0.00011454 0.00366986 0.00408488 
-0.00162904 0.0956109 -0.0138698 0.0576728 8.58002e-05 0.00375392 0.00412208 
-0.00162904 0.0956109 -0.0138698 0.0576728 8.58002e-05 0.00375392 0.00412208 
-0.00155604 0.0928612 -0.0115615 0.0284426 3.31508e-05 0.00200626 0.00204047 
-0.00128279 0.0901398 -0.00922359 -0.00110948 1.8548e-05 0.000163812 -2.85563e-05 
-0.000954135 0.0874249 -0.00687809 -0.0307424 1.50373e-05 -0.00170423 -0.00209408 
-0.000789151 0.0810973 -0.00561085 -0.0233319 1.03721e-05 -0.00167802 -0.001996 
0.00251295 0.068592 0.0168127 -0.000925793 6.07792e-06 -0.000509377 -0.000362931 
-0.00034097 0.0652808 -0.00243801 -0.00485075 5.77002e-06 -0.00162806 -0.00174831 
1.40575e-05 0.062568 -8.93938e-05 -0.0345089 8.07598e-06 -0.00350762 -0.0038117 
0.000199569 0.0562423 0.00118038 -0.0271248 7.70482e-06 -0.00349042 -0.00371232 
0.00048182 0.0467537 0.00308544 -0.0160528 8.32184e-06 -0.00346636 -0.00356317 
0.000672624 0.0404287 0.00435571 -0.00867488 9.66745e-06 -0.00345152 -0.00346377 
0.000672624 0.0404287 0.00435571 -0.00867488 9.66745e-06 -0.00345152 -0.00346377 
-0.000165949 0.0374502 -0.00135075 -0.0105959 1.23754e-05 -0.00397251 -0.00397672 
-0.00299484 0.0341423 -0.0205977 -0.0145482 2.12963e-05 -0.00510263 -0.0053625 
0.00116574 0.0246183 0.00753161 0.00975164 1.98626e-05 -0.00342186 -0.00321601 
-0.00267925 0.0246591 -0.0186891 -0.00351248 3.6099e-05 -0.00509389 -0.00521485 
-0.00256593 0.0214996 -0.0180523 0.000157152 4.4777e-05 -0.00509476 -0.00516615 
0.00148922 0.0151371 0.00943763 0.020776 3.87838e-05 -0.00341698 -0.00306921 
0.00148922 0.0151371 0.00943763 0.020776 3.87838e-05 -0.00341698 -0.00306921 
0.00148922 0.0151371 0.00943763 0.020776 3.87838e-05 -0.00341698 -0.00306921 
0.00148922 0.0151371 0.00943763 0.020776 3.87838e-05 -0.00341698 -0.00306921 
0.00148922 0.0151371 0.00943763 0.020776 3.87838e-05 -0.00341698 -0.00306921 
0.00435122 0.00850864 0.0288765 0.0691302 3.18493e-05 -0.000380581 0.000579047 
0.00435122 0.00850864 0.0288765 0.0691302 3.18493e-05 -0.000380581 0.000579047 
0.00451744 0.012121 0.0299539 0.0320961 3.4228e-05 -0.00227527 -0.001584 
0.00148922 0.0151371 0.00943763 0.020776 3.87838e-05 -0.00341698 -0.00306921 
0.00148922 0.0151371 0.00943763 0.020776 3.87838e-05 -0.00341698 -0.00306921 
0.00451744 0.012121 0.0299539 0.0320961 3.4228e-05 -0.00227527 -0.001584 
0.00148922 0.0151371 0.00943763 0.020776 3.87838e-05 -0.00341698 -0.00306921 
0.000564094 0.0153227 0.00309696 0.0151578 4.4786e-05 -0.0039485 -0.00363214 
0.00148922 0.0151371 0.00943763 0.020776 3.87838e-05 -0.00341698 -0.00306921 
0.00148922 0.0151371 0.00943763 0.020776 3.87838e-05 -0.00341698 -0.00306921 
0.00148922 0.0151371 0.00943763 0.020776 3.87838e-05 -0.00341698 -0.00306921 
0.00451744 0.012121 0.0299539 0.0320961 3.4228e-05 -0.00227527 -0.001584 
0.00451744 0.012121 0.0299539 0.0320961 3.4228e-05 -0.00227527 -0.001584 
0.00148922 0.0151371 0.00943763 0.020776 3.87838e-05 -0.00341698 -0.00306921 
0.000564094 0.0153227 0.00309696 0.0151578 4.4786e-05 -0.0039485 -0.00363214 
0.00148922 0.0151371 0.00943763 0.020776 3.87838e-05 -0.00341698 -0.00306921 
