0 0.0732398 0 0 0 0 0 -0.0732994 
1 0.14648 0 0 0 0 0 0.0732994 
2 0.0732498 0 0 0 0 -0.0732994 0 
3 0.21972 0 0 0 0 -0.0732002 -0.0732994 
4 0.14649 0 -0.585999 0 0 -0.0732002 0 
5 0.0732403 0 0 0 0 -0.0732994 0 
6 0.14648 0 -0.292999 0 0 0 0 
7 0.0732503 0 0 0 0 0 0.0732994 
8 0 0 0 0 0 0 0 
9 0.14648 0 -0.2929 0 0 0 -0.0732994 
10 0 0 0 0 0 0 0 
11 0 0 -0.293003 0 0 0 0 
12 0 0 -0.292999 0 0 0 0 
13 0 -0.14648 0 0 0 -0.0732002 0 
14 0 -1.24512 -0.585899 0 0 -0.0732994 0 
15 0 -1.3916 0 0 0 -0.0732002 0 
16 0 -1.3916 0 -0.585901 0 -0.146502 0 
17 0 -2.19727 -0.292999 -0.878899 0 -0.2197 0 
18 0 -2.49028 0 -1.4649 0 -0.366199 0 
19 0 0 0 0 0 0 0 
20 0 -2.5634 0 -1.4648 0 -0.292999 0 
21 0 -3.4424 0 -1.7578 0 -0.366201 0.0732994 
22 0 -2.8565 0 -1.7578 0 -0.439499 0 
23 0 -3.6621 0 -1.4649 0 -0.4394 0.1464 
24 -0.14648 -2.8564 0.292999 -1.4648 0 -0.366201 0.292999 
25 0 -2.4902 0.292999 -1.4649 0 -0.366199 0.292999 
26 0 -3.003 0.2929 -0.585899 0 -0.0732994 0.585901 
27 0 -2.4902 0.292999 -0.878901 0 -0.0732002 0.878899 
28 0 -2.2705 0.585903 -0.292999 0 -0.0732994 0.8057 
29 0 -2.7832 1.1719 0 0 -0.0732002 0.732401 
30 0 0 0 0 0 0 0 
31 0 -1.7578 0.878899 0 0 0 0.8057 
32 0 -1.7578 0.586002 -0.585899 0 0 0.512699 
33 0 -1.3916 1.1718 0 0 0 0.512701 
34 0.0732398 -1.1719 0.586002 0 0 0 0.366199 
35 0.36621 -1.0254 0.2929 -0.585903 0 0 0.366199 
36 0.29297 -0.805698 0.292999 0 0 0 0.4394 
37 0.43945 -0.585899 0.585899 0 0 0 0.1465 
38 0.65918 -0.293003 0 -0.292999 0 0 0.219801 
39 0.65918 -0.366199 0.292999 0 0 0 0.1464 
40 0.80566 -0.439499 0 0 0 0 0.366299 
41 0 0 0 0 0 0 0 
42 1.46485 -0.2929 0 0 0 0 0.732401 
43 1.39156 -0.292999 0.878899 0 0 0 0.952101 
44 1.9776 -0.366199 0 0 0 0 1.1719 
45 1.6845 -0.2197 0.293003 0 0 0.0732002 1.7578 
46 1.9043 -0.219803 0 -0.292999 0 0 1.4649 
47 2.71 -0.1464 0.292999 0 0 0 1.6845 
48 2.124 0 0.2929 0 0 0 1.1719 
49 2.3438 0 0.292999 0 0 0 1.09863 
50 2.9297 0 0.585899 0 -0.293 0.0732994 1.24512 
51 2.417 0 0.292999 -0.2929 0 0.0732002 0.8789 
52 0 0 0 0 0 0 0 
53 3.1494 0 0.293003 0 -0.293 0.0732994 0.95215 
54 2.2705 0 0.585899 0 -0.8789 0.2197 1.17188 
55 2.1972 0 0.292999 0 -1.1719 0.293001 0.8789 
56 2.7833 0.0732002 0.292999 -0.292999 -0.5859 0.4394 0.95215 
57 2.1972 0.366199 0.585899 -0.292999 -1.1719 0.878901 0.65918 
58 2.71 0.219704 0.878902 -0.878902 -0.878901 0.805698 0.58594 
59 1.6845 0.219799 0.292999 -0.585899 -1.1719 1.0254 0.58594 
60 1.4649 0.2929 1.1718 -0.585999 -1.1718 0.732401 0.36621 
61 1.9043 0.366199 0.878902 -0.2929 -1.1719 0.512699 0.21972 
62 1.0986 0.366299 0.585999 -0.878902 -1.4649 0.585901 0 
63 0 0 0 0 0 0 0 
64 1.0254 0.585899 1.1719 -0.585999 -1.1718 0.366199 0 
65 0.805702 0.659203 0.585903 -0.292999 -0.878901 0.659201 0 
66 0.659199 0.878899 0.878899 -0.2929 -0.878899 0.512699 0 
67 0.4394 1.0986 0.585899 0 -0.586 0.732401 0 
68 0.292999 0.952202 0.586002 0 0 1.0987 0 
69 0.0732002 1.4648 0 -0.292999 0 0.878901 0 
70 0.0732994 1.3184 0.585899 0 -0.2929 0.8056 0 
71 0.0732002 1.5381 0 0 0 0.9522 0 
72 0 2.124 0.292999 0 0 0.8057 0 
73 0 1.9043 0.292999 0 -0.292999 0.9521 0 
74 0 0 0 0 0 1.31836 0 
75 0 2.417 -0.292999 0 0 0 0 
76 0 2.7099 -0.292999 0.292999 -0.585901 0.95215 0 
77 0 2.3438 0 0 -0.292999 1.17188 0 
78 0 3.3691 0 0.2929 -0.878901 0.65918 0 
79 0 2.6367 0 0 -1.1719 0.8789 -0.07324 
80 0 2.5635 0 0.878998 -1.4648 0.43945 0 
81 0 3.4424 0 1.1718 -1.1719 0.14649 0 
82 0 2.4902 0.292999 0.878899 -1.4649 0.14648 0 
83 0 2.417 0 1.7579 -0.878899 0 0 
84 0 3.0762 0 1.1718 -0.878902 0 0 
85 0 2.05078 -0.292999 1.4649 -0.878899 0 -0.0732399 
86 0 0 0 0 0 0 0 
87 -0.1465 2.2705 0 0.878901 -0.585899 0.0732503 0 
88 -0.2197 1.83106 0 1.4648 -0.292999 0.14648 -0.07324 
89 -0.366199 1.61133 0 1.1719 -0.292999 0.0732403 -0.21973 
90 -0.439499 1.53808 0 0.585901 0 0 -0.36621 
91 -0.2197 0.878907 0 0 0 0 -0.80566 
92 -0.2197 0.36621 -0.292999 0 0 0 -0.65918 
93 -0.512703 0 0 0 0 0 -1.02539 
94 -0.585999 0 0 -0.878901 0 0 -0.80567 
95 -0.878899 -0.58594 0 -0.878901 0 0 -1.02539 
96 0 0 0 0 0 0 0 
97 -1.0254 -0.512692 0 -1.4648 0.292999 0.0732398 -1.31836 
98 -1.2451 -0.512696 0 -1.1719 0.292999 0 -1.31836 
99 -1.7578 -1.09863 0 -1.1719 0.292999 0 -1.68455 
100 -2.0508 -0.73242 0 -0.878899 1.1718 0.14649 -1.3184 
101 -2.3437 -0.65918 0 -0.878899 0.586002 0 -1.2451 
102 -3.0029 -0.43946 0 -0.585899 0.878899 0 -1.3184 
103 -2.417 -0.29296 0 -0.293003 1.7578 0 -0.9521 
104 -2.417 -0.43946 0 -0.292999 1.1719 0 -0.878901 
105 -3.2959 -0.29297 0 0 1.1718 0 -0.659201 
106 -2.6367 -0.14648 0 0 1.4649 0 -0.732399 
107 -3.3692 -0.21973 0 0 1.1719 0 -0.732401 
108 0 0 0 0 0 0 0 
109 -2.6367 -0.21972 -0.2929 0.292999 1.4648 0 -0.9522 
110 -3.0762 -0.14649 -0.586002 0.878902 1.1719 -0.14649 -0.805599 
111 -2.417 -0.0732398 -0.2929 0.585999 1.1718 -0.0732398 -1.0254 
112 -2.3437 -0.21973 -0.292999 0.585899 2.0508 -0.14648 -0.7325 
113 -2.3438 -0.14648 -0.878899 0.292999 1.4649 -0.14649 -0.585899 
114 -1.7578 -0.0732398 -0.585903 0.2929 1.1718 -0.21972 -0.585901 
115 -1.31834 -0.29297 -1.1719 0 2.0508 0 -0.292999 
116 -1.24512 -0.29297 -0.878899 0 1.1719 -0.0732498 -0.2197 
117 -0.80566 -0.21973 -0.878902 0 2.0508 0 -0.1465 
118 -0.5127 -0.21972 -1.4649 -0.2929 1.1719 0 -0.0733013 
119 0 0 0 0 0 0 0 
120 -0.51269 -0.0732503 -0.585899 -0.585999 0.87886 0 0.0733013 
121 -0.0732503 -0.21972 -0.878899 -0.585899 1.46485 0 0 
122 0 -0.14649 -1.4649 -1.1719 0.58593 0 0 
123 0 -0.14648 -0.878899 -0.585899 0.58594 0 0 
124 0 -0.21973 -1.4648 -1.1719 0.58594 0.0732498 0 
125 0 -0.36621 -1.1719 -1.4649 0.29297 -0.0732498 0 
126 0.5127 -0.21973 -0.878902 -1.7578 0.29297 0 -0.0733013 
127 0.73242 -0.29296 -1.4648 -1.4648 0 0 0 
128 0.73242 -0.43946 -1.1719 -1.7578 0 0 0.0733013 
129 0.73242 -0.21972 -1.4649 -2.6367 0 0 -0.0733013 
130 0 0 0 0 0 0 0 
131 1.09864 -0.36621 -1.1718 -2.0508 0 0 0.0733013 
132 0.73246 -0.36622 -0.878899 -1.7578 0 0 0 
133 0.805599 -0.0732393 -1.4649 -2.9297 0 0 0 
134 0.9522 -0.21972 -0.878899 -2.3438 0 0 0 
135 0.8056 -0.292971 -0.585899 -2.0508 0 0 0 
136 0.9522 -0.29295 -1.1719 -3.2226 0 -0.0732403 0 
137 0.8056 -0.2197 -0.585899 -2.0508 0 -0.21972 0 
138 0.879001 -0.293 -0.878902 -2.6367 0 -0.21973 0 
139 1.0986 -0.4395 -0.878899 -2.0508 0 -0.29297 0 
140 0.878899 -0.3662 -0.879002 -2.6367 0 -0.58594 0 
141 0 0 0 0 0 0 0 
142 0.952101 -0.4394 -0.878899 -2.3438 0 -0.51269 0 
143 1.2452 -0.2198 -0.585899 -2.3437 0 -0.80567 0 
144 0.952101 -0.146399 -0.585899 -2.6367 0 -0.80566 0 
145 1.3184 -0.0733004 -0.292999 -2.0508 0 -0.8789 0 
146 1.0254 0 -0.292999 -1.1719 0 -1.2451 0 
147 1.0986 0 -0.585899 -2.0508 0 -0.878901 0 
148 1.4648 0 0.585899 -0.878899 0 -1.0254 0 
149 1.0987 0 0 -1.4648 0 -1.3916 0.0732002 
150 1.2451 0 0 -1.17191 0 -1.2451 0 
151 0.952101 0 0 -0.292999 0 -1.6846 -0.0732002 
152 0 0 0 0 0 0 0 
153 0.9522 0 0.292999 -0.2929 0 -1.3184 0.0732002 
154 1.0986 0 0 -0.878899 0 -1.1718 0 
155 0.878901 0.2197 0.292999 -0.292999 0 -1.0987 0 
156 0.805698 0.4395 0.2929 -0.878899 0 -0.585901 0 
157 1.0986 0.293 0.292999 -0.292999 0 -0.292999 0 
158 0.805702 0.5127 0.585899 -0.2929 0 0 0.0732994 
159 0.659199 0.5127 0.292999 -0.292999 0 0 0 
160 0.805599 0.65913 0.292999 0 0 0 0 
161 0.439503 0.585939 0.2929 0 0 0 0 
162 0.512699 0.73242 0.293003 0 0 0 0 
163 0 0 0 0 0 0 0 
164 0.4394 0.58594 0 0 0 0 0 
165 0.292999 0.65918 0 0 0 0 0.0732002 
166 0.292999 0.51269 0 0 0 0 0 
167 0.1464 0.36621 0 0 0 0 0 
168 0.0732994 0.5127 0 0 0 0 0 
169 0.0732002 0.29297 0 0 0 0 0 
170 0 0.29297 0 0 0 0 0 
171 0 0.29297 0 0.292999 0 0 0 
172 0 0.14648 0 0 0 0 0 
173 0 0.14648 0 0.2929 0 0 0 
174 0 0 0 0 0 0 0 
175 0 0.0732498 0 0.585999 0 0 0 
176 0 0 0 0.585899 0 0 0 
177 0 0 0 0.292999 0 0 0 
178 0 0 0 0.2929 0 0 0 
179 0 0 0.585999 0.878899 0 0 0 
180 0 0 0 0 0 0 0.0732994 
181 0 0 0 0.292999 0 0 -0.0732994 
182 0 0 0 0.585899 0 0 0 
183 0 0 0 0.586006 0 0 0 
184 0 0 0 0.292999 0 0 0 
185 0 0 0 0 0 0 0 
186 0 0 0 0 0 0 0.0732994 
187 0 0 0 0 0 0 -0.0732994 
188 0 0 0 0 0 0 0 
189 0 0 0 0 0 0 0 
190 0 0 0 0 0 0 0 
191 0 0 0 0 0 0 0 
192 0 0.0732403 0 0 0 0 0.0732994 
193 0 0 0 0 0 0 0 
194 0 0 0 0 0 0 -0.0732994 
195 0 0 0 0 0 0 0 
196 0 0 0 0 0 0 0 
197 0 0 0 0 0 0 0 
198 0 0 0 0 0 0 0 
199 0 0 0 0 0 0 0 
200 0 0 0 0 0 0 0 
201 0 0 0 0 0 0 0 
202 0 0 0 0 0 0 0 
203 0 0 0 0 0 0 0.0732994 
204 0 0 0 0 0 0 -0.0732994 
205 0 0 0 0 0 0 0 
206 0 0 0 0 0 0 0 
207 0 0 0 0 0 0 0 
208 0 0 0 0 0 0 0 
209 0 0 0 0 0 0 0 
210 0 0 0 0 0 0 0.0732994 
211 0 0 0 0 0 0 -0.0732994 
212 0 0 0 0 0 0 0 
213 0 0 0 0 0 0 0 
214 0 0 0 0 0 0 0 
215 0 0 0 0 0 0 0.0732994 
216 0 0 0 0 0 0 -0.0732994 
217 0 0 0 0 0 0 0.0732994 
218 0 0 0 0 0 0 0 
219 0 0 0 0 0 0 -0.0732994 
220 0 0 0 0 0 0 0 
221 0 0 0 0 0 0 0.0732994 
222 0 0 0 0 0 0 -0.0732994 
223 0 0 0 0 0 0 0.0732994 
224 0 0 0 0 0 0 -0.0732994 
225 0 0 0 0 0 0 0 
226 0 0 0 0 0 0 0 
227 0 0 0 0 0 0 0 
228 0 0 0 0 0 0 0.0732994 
229 0 0 0 0 0 0 0 
230 0 0 0 0 0 0 0 
231 0 0 0 0 0 0 -0.0732994 
232 0 0 0 0 0 0 0.0732994 
233 0 0 0 0 0 0 -0.0732994 
234 0 0 0 0 0 0 0.0732994 
235 0 0 0 0 0 0 0 
236 0 0 0 0 0 0 -0.0732994 
237 0 0 0 0 0 0 0.0732994 
238 0 0 0 0 0 0 0 
239 0 0 0 0 0 0 -0.0732994 
240 0 0 0 0 0 0 0 
241 0 0 0 0 0 0 0.0732994 
242 0 0 0 0 0 0 -0.0732994 
243 0 0 0 0 0 0 0 
244 0 0 0 0 0 0 0 
245 0 0 0 0 0 0 0 
246 0 0 0 0 0 0 0.0732994 
247 0 0 0 0 0 0 0 
248 0 0 0 0 0 0 0 
249 0 0 0 0 0 0 0 
