0 0 0 0 0 0 0 0.0732002 
1 0 0 0 0 0 0 0 
2 0 0 0 0 0 0 0.0732002 
3 0 0 0 0 0 0 0.0732994 
4 0 0 0 0 0 0 0.0732002 
5 0 0 0 0 0 0 0 
6 0 0 0 0 0 0 0.0732994 
7 0 0 0 0 0 0 0.0732021 
8 0 0 0 0 0 0 0 
9 0 0 0 0 0 -0.0732002 0 
10 0 0 0 0 0 0 0.0732002 
11 0 0 0 0 0 0 0.0732994 
12 0 0 0 0 0 0 0.292999 
13 0 -0.8789 0 0 0 -0.0732994 0.366201 
14 0 -1.97754 0 0 0 0 0.512699 
15 0 -1.75781 0 0 0 0 0.732401 
16 0 0 0 0 0 0 0 
17 0 -2.19732 0.292999 -0.2929 0 0 0.659199 
18 0 -3.0029 -0.292999 0 -0.29297 0 0.512701 
19 0 -2.3437 0.292999 0 -0.8789 0.0732994 0.2929 
20 0 -3.2227 -0.292999 0 -1.17188 0.0732002 0.1465 
21 0 -2.6367 0 0 -0.87893 0.293001 0.1465 
22 0 -2.71 0 0 -2.0508 0.1465 0.1465 
23 0 -3.0029 0 0 -1.7578 0.2929 0.0732002 
24 0 -2.3437 0.292999 0 -1.7578 0.585999 0.0732994 
25 0 -2.7832 0 0 -1.4648 0.732401 0 
26 0 -2.1973 0 0 -1.1719 0.7324 0 
27 0 0 0 0 0 0 0 
28 0 -1.9776 -0.292999 0 -0.878901 0.878901 0 
29 0 -2.124 0.292999 0 -0.878899 0.4395 0 
30 0 -1.2451 0 0 -0.293001 0.4394 0 
31 0 -1.0254 0 0 -0.292999 0.293 0 
32 0 -1.4648 0.877991 0 0 0.2197 0 
33 0 -0.952198 0 0 0 0.0733004 0 
34 0 -0.878902 0.585999 0 -0.2929 0 0.146502 
35 0.366199 -0.732399 0.585999 0 0 0 0.2929 
36 1.0986 -0.878899 0.879013 0.2929 -0.586 -0.0733004 0.292999 
37 1.5381 -1.0986 0.878998 0.585999 0 0.0733004 0.4394 
38 0 0 0 0 0 0 0 
39 1.6113 -0.732498 1.172 0.2929 -0.585899 0 0.439501 
40 2.0508 -0.6591 1.172 0.878902 -0.585901 0 0.292999 
41 3.3691 -0.659199 2.05099 0.878899 -0.292999 0 0.2929 
42 3.0762 -0.146503 1.758 2.0508 -1.1719 -0.0733004 0.219799 
43 3.3692 -0.0732994 2.343 2.6367 -1.4648 -0.2197 0.2929 
44 4.7607 0 2.344 2.9297 -1.4649 -0.5127 0.366201 
45 3.95508 0 2.051 4.1016 -1.7578 -0.5127 0.292999 
46 5.12695 0 2.63699 3.5156 -1.4648 -0.5127 0.292999 
47 4.32129 0.439503 2.343 4.1016 -1.7578 -0.5127 0.585901 
48 4.02832 1.3916 2.93 4.3945 -2.3438 -0.2197 0.586 
49 0 0 0 0 0 0 0 
50 4.83399 1.8311 2.637 4.1016 -2.0508 -0.1465 0.805599 
51 3.44237 1.3183 1.758 4.3945 -2.3437 0 0.366199 
52 3.8086 1.7578 2.05 2.9297 -2.0508 0 0.512701 
53 2.5635 1.3184 1.172 2.0508 -1.7578 0.0731993 0.2197 
54 2.0508 1.2451 0.292999 2.0507 -2.0508 0.0733004 0.0732994 
55 2.2705 1.0986 0 0.879 -1.4648 0.0732002 0 
56 1.6845 0.585999 -0.292999 0.2929 -0.878899 0.292999 0 
57 1.3916 0.4394 -0.879005 0 -0.292999 0.3662 0 
58 1.5381 0.512699 -0.585999 0 -0.293003 0.3662 0.0732002 
59 1.2451 0.366203 -0.878998 0 0 0.366199 0 
60 0 0 0 0 0 0 0 
61 0.9522 0.292999 -0.877998 0 0 0.2197 0 
62 0.952101 0.292999 -0.879005 0 0 0.146501 -0.0732002 
63 0.586 0.2197 -0.292999 0 0 0 0.0732002 
64 0.4394 0.2197 -0.585999 0 0 0 0 
65 0.292999 0.1465 -0.292999 0 0 0 0 
66 0.2197 0.292999 -0.292999 0 0 -0.0732002 0 
67 0.0732994 0.2929 0 0 0 0 -0.0732002 
68 0 0.292999 0 0 0 -0.0733004 0 
69 0 0.878902 -0.292999 0 0 -0.0732002 0 
70 0 1.0254 0 -0.2929 0 -0.0731993 -0.0732994 
71 0 0 0 0 0 0 0 
72 0 1.2451 0 0 0 -0.146501 -0.2197 
73 0 1.8311 0 -0.292999 0 -0.1465 -0.366201 
74 -0.1465 1.9043 0 -0.293001 0 -0.293 -0.2197 
75 -0.2197 2.7832 0 0 0 -0.2197 -0.2197 
76 -0.1465 2.124 0 -0.292999 0 -0.3662 -0.219799 
77 -0.219799 2.2705 0 0 0 -0.292999 -0.1465 
78 -0.2929 2.8565 0.292999 0 0 -0.3662 -0.2197 
79 -0.219702 2.0507 0 0 0 -0.4394 -0.439402 
80 -0.292999 2.1241 0.292999 0 0 -0.293 -0.439499 
81 -0.2197 2.5634 0.292999 0 0 -0.293 -0.512701 
82 -0.0732994 1.9776 0.585999 0 0 -0.1465 -0.585899 
83 0 0 0 0 0 0 0 
84 0 2.05076 0.292999 0 0 0 -0.366199 
85 0 1.53809 0.879005 0 0 -0.0732002 -0.366201 
86 0 1.61133 -0.293007 -0.2929 0 0.0732002 -0.0732994 
87 0 1.83105 0.293007 0 0 0 -0.2929 
88 0 1.3916 0 0 0 0 -0.1465 
89 0 1.46485 0 0 -0.2929 -0.0732002 -0.0732994 
90 0.1465 1.46484 0 0 0 -0.2197 -0.0732002 
91 0.292999 0.732418 -0.293007 -0.586 0 -0.0732994 0 
92 0.1465 0.43946 0 0 0 0 0 
93 0 0 0 0 0 0 0 
94 0 0.07324 0 -0.2929 0 0 0 
95 0 0.36621 0 -0.292999 0 0 -0.0732994 
96 0 0.14648 0 -0.585901 0 0 0 
97 -0.659199 0 0 -0.292999 0 0 0 
98 -0.878901 0 0 -0.585899 0 0 -0.0732002 
99 -1.9043 0 0 -0.878901 0 -0.0732002 -0.2197 
100 -1.4649 0 0 -0.878901 0.2929 0 -0.293001 
101 -2.2705 0 0 -1.1719 0.293003 0 -0.512699 
102 -2.3437 0 4.10101 -0.878901 0.292999 0 -0.585901 
103 -2.2705 -0.51269 1.172 -1.7578 0.878899 0 -0.512699 
104 0 0 0 0 0 0 0 
105 -2.9297 -0.87891 0.585999 -0.879 0.2929 -0.1465 -0.659201 
106 -2.4903 -0.805661 0.879005 -1.4648 0.292999 -0.146502 -0.366199 
107 -2.6367 -0.732422 1.172 -1.1719 0.585903 -0.292999 -0.292999 
108 -3.51561 -0.952147 0.292702 -0.878902 0.585999 -0.512699 -0.2197 
109 -2.56347 -0.87891 0.585899 -1.1718 1.1719 -0.366201 -0.146502 
110 -3.14942 -1.02539 0 -0.585999 1.1718 -0.366199 0 
111 -2.63672 -0.80566 0 -1.1719 1.1719 -0.4394 -0.1465 
112 -2.49023 -0.87891 0.292999 -0.878899 1.1719 -0.292999 -0.1465 
113 -2.92969 -1.24512 -0.292999 -1.4648 1.1719 -0.293001 -0.2197 
114 -2.27051 -1.02539 -0.292999 -0.878899 1.1718 -0.2197 -0.292999 
115 -2.19726 -1.3916 -0.585602 -0.878899 1.4649 -0.0732002 -0.2929 
116 0 0 0 0 0 0 0 
117 -2.70999 -1.09863 -0.292999 -1.7578 1.1719 0 -0.293001 
118 -1.9775 -0.95219 -0.878998 -1.4649 2.0507 0 -0.292999 
119 -2.3438 -0.8789 -0.293007 -1.4648 1.1719 0.0732002 -0.1465 
120 -1.6113 -0.5859 -1.172 -1.4649 2.0508 0.1465 -0.0732002 
121 -1.4648 -0.6592 -1.172 -1.1718 1.1719 0.0732002 0.0732002 
122 -1.6846 -0.3662 -0.585999 -1.7579 1.7578 0.0732994 -0.0732002 
123 -1.1719 -0.2197 -1.172 -1.1718 1.4648 0.219702 0 
124 -1.0254 -0.292999 -0.292999 -1.4649 0.878901 0.2197 0.0732002 
125 -0.659101 -0.219701 -0.292999 -1.1718 0.586 0.366199 0 
126 -0.585999 -0.1465 0 -1.4649 1.1718 0.366301 0 
127 0 0 0 0 0 0 0 
128 -0.293001 -0.1465 0 -0.585899 0.586 0.5126 -0.0732002 
129 0 -0.293 0 -0.878899 0.585899 0.585999 0 
130 0 -0.4394 0.878998 -1.1719 0.293001 0.512701 0 
131 0 -0.5127 1.758 -0.292999 0 0.585899 0 
132 0.219801 -0.659201 2.344 -0.585899 0 0.293 0.0732002 
133 1.3916 -0.878901 2.3436 -0.585999 0 0.0732002 -0.0732002 
134 1.1718 -0.878899 2.6367 -0.2929 -0.293001 0.0732994 0 
135 1.3916 -0.659201 3.5156 0 -0.292999 -0.0732994 0 
136 1.8311 -0.659201 2.9297 0 -0.2929 0 0 
137 1.6846 -0.4394 2.9297 0 -0.586 0 0.0732002 
138 0 0 0 0 0 0 0 
139 2.1972 -0.439499 3.2226 0 -0.2929 0.0732994 -0.0732002 
140 1.6846 -0.2929 3.2227 -0.586002 -0.292999 -0.0732994 0.0732002 
141 1.8311 -0.219801 2.0508 0 -0.585899 0 0 
142 1.9775 -0.1464 2.6367 -0.2929 -0.293001 0 -0.0732002 
143 1.46485 0 0.585899 -0.292999 -0.292999 -0.0732002 0.0732002 
144 1.46484 0 0 -0.585899 -0.2929 -0.1465 0 
145 1.75781 0 0 -0.586002 -0.586 -0.146501 0.0732994 
146 1.31836 0 0 -0.585899 0 -0.0732002 0.1465 
147 1.39161 0 0 -1.4649 0 0 0.0732002 
148 1.68457 0 0 -1.4648 0 -0.0732994 0 
149 0 0 0 0 0 0 0 
150 1.17188 0 7.9102 -2.0508 0 0.0732994 0.1465 
151 1.46484 0 0.585899 -1.7578 -0.2929 0 0.1465 
152 1.09864 0 0.292999 -1.7578 0 0 0.0732002 
153 1.24511 0 0.292999 -2.0508 0 -0.0732994 0.0733013 
154 1.68458 0 0.585899 -2.0508 0 0.0732994 0 
155 1.3916 0 0.292999 -2.0508 0 -0.0732994 0.0731983 
156 1.68457 0 0 -1.7578 0 0 0.0733013 
157 1.24515 0 0.2929 -1.7578 0 -0.0732002 0.2929 
158 1.0254 0 0.292999 -2.3437 0 0.0732002 0.1465 
159 1.2451 0 0 -2.3438 0 -0.0732002 0.2197 
160 0 0 0 0 0 0 0 
161 1.0254 0 0.292999 -1.7578 0 0 0.219799 
162 0.952101 0.219702 0.2929 -1.4648 0 0.0732002 0.219702 
163 1.1719 0.512699 0.293003 -1.7578 0 -0.0732002 0.512699 
164 1.0254 0.4394 0 -2.0508 0 0 0.4394 
165 1.2451 0.439501 0 -1.4649 0 0 0.586 
166 0.878901 0.4394 0.585999 -1.4648 0 0 0.805599 
167 0.8057 0.366301 0 -1.7578 0 0 0.659201 
168 0.952099 0.585899 0 -1.4649 0 0 0.878901 
169 0.732401 0.4394 0 -1.4645 0 -0.0732002 0.659199 
170 0.659201 0.659201 0 -1.172 -0.292999 0 0.585901 
171 0 0 0 0 0 0 0 
172 0.805698 0.512699 0 -0.586006 0.292999 -0.0732994 0.659199 
173 0.585901 0.586 -0.585999 -1.465 0 0 0.293001 
174 0.586 0.6591 0 -0.292999 0 0 0.292999 
175 0.2929 0.586 0 0 -0.292999 0 0.2197 
176 0.2197 0.6592 0 0 0.292999 0 0.0732002 
177 0 0.4394 0 0 0 0 0 
178 0 0.439501 0 0.292999 0 0 0 
179 0 0.5127 0 0.292999 0 0 0.0732994 
180 0 0.292899 0.585999 1.465 0 -0.0732002 -0.0732994 
181 0 0.3662 0 0.879005 0 0.0732002 0 
182 0 0 0 0 0 0 0 
183 0 0.4395 0 0.8787 0 0 0 
184 0 0.3662 0.2929 1.4648 0 0 0 
185 0 0.585899 0 1.7578 0 0 0 
186 0 0.43949 0.292999 1.4649 0 0 0.0732994 
187 0 0.43945 0 2.3437 0 0 -0.0732994 
188 0 0.585939 0 2.0508 -0.292999 0 0 
189 0 0.659181 0 0.585899 0.292999 -0.0732002 0.0732994 
190 0 0.65918 0 2.3438 0 0.0732002 -0.0732994 
191 0 0.43945 0 0.878899 0 0 0.0732994 
192 0 0.36621 0 1.17191 0 0 -0.0732994 
193 0 0 0 0 0 0 0 
194 0 0.29297 0 0.2929 0 0 0 
195 0 0.21973 0 1.1719 0 0 0 
196 0 0.29297 0 0.292999 0 0 0 
197 0 0.14648 0 0 0 0 0 
198 0 0 0 0 0 0 0 
199 0 0.0732398 0 0 0 0 0.0732994 
200 0 0.14649 0 -0.292999 0 0 0 
201 0 0.0732398 0 -1.1719 0 0 0 
202 0 0 0 -0.2929 0 0 -0.0732994 
203 0 0.14648 0 -0.292999 0 0 0.0732994 
204 0 0 0 0 0 0 0 
205 0 0.0732503 0 -0.878906 0 0 0 
206 0 0 0 -0.292999 0 0 0 
207 0 0.0732398 0 -0.292999 0 0 -0.0732994 
208 0 0.0732398 0 -0.878899 0 -0.0732002 0.0732994 
209 0 0.14649 0 -0.2929 0 0.0732002 -0.0732994 
210 0 0.0732403 0 -0.292999 0 0 0.0732994 
211 0 0.21972 0 -0.292999 0 0 0 
212 0 0.14649 0 0 0 0 0 
213 0 0.0732398 0 0 0 0 0 
214 0 0.0732398 0 0 0 -0.0732002 0 
215 0 0 0 0 0 0.0732002 0 
216 0 0 0 0 0 0 0 
217 0 0 0 0 0 0 0 
218 0 0 0 0 0 -0.0732002 0 
219 0 0 0 0 0 0.0732002 0 
220 0 0 0 0 0 0 -0.0732994 
221 0 0 0 0.292999 0 0 0.0732994 
222 0 0 0 0.292999 0 0 -0.0732994 
223 0 0 0 0 0 0 0.0732994 
224 0 0 0 0.2929 0 0 0 
225 0 0 0 0 0 0 0 
226 0 0 0 0 0 0 0 
227 0 0 0 0 0 0 0 
228 0 0 0 0 0 0 0 
229 0 0 0 0 0 0 -0.0732994 
230 0 0 0 0 0 0 0.0732994 
231 0 0 0 0 0 0 -0.0732994 
232 0 0 0 0 0 0 0.0732994 
233 0 0 0 0 0 -0.0732002 0 
234 0 0 0 0 0 0.0732002 0 
235 0 0 0 0 0 0 -0.0732994 
236 0 0 0 0 0 0 0.0732994 
237 0 0 0 0 0 0 0 
238 0 0 0 0 0 0 0 
239 0 0 0 0 0 0 -0.0732994 
240 0 0 0 0 0 0 0.0732994 
241 0 0 0 0 0 0 0 
242 0 0 0 0 0 0 0 
243 0 0 0 0 0 0 0 
244 0 0 0 0 0 0 -0.0732994 
245 0 0 0 0 0 0 0.0732994 
246 0 0 0 0 0 0 0 
247 0 0 0 0 0 0 -0.0732994 
248 0 0 0 0 0 0 0.0732994 
249 0 0 0 0 0 0 0 
