0 -0.0732002 0 0 -0.292999 0 0 -0.0733013 
1 0 0 0 0 0 0 0 
2 0 0 0 0 0 0 0.0733013 
3 0 0 0 0 0 0 0 
4 0 0 0 0 0 -0.07324 0 
5 0 0 0 0 0 0.07324 -0.0733013 
6 0 0 -0.293 0 0 0 0 
7 0 0 0 0 0 0 0 
8 0 0 0 0 0 0 0 
9 0 0 0 0 0 0 0 
10 0 0 0 0 0 -0.07324 0.0733013 
11 0 0 0 0 0 0 0 
12 0 0 0 0 0 -0.14649 0 
13 0 0 0 0 0 -0.21972 -0.0733013 
14 0 0 0 0 0 0 0 
15 0 0 0 0 0 -0.21973 0 
16 0 0 0 0 0 -0.21973 0 
17 0 0 0 0 0 -0.0732398 0 
18 0 0 0 0 0 -0.0732398 0.0733013 
19 0 0 0 -0.293003 0 -0.0732403 -0.0733013 
20 0 0 0 -0.2929 0 0 0 
21 0 -0.14648 0 -0.585999 0 -0.14649 0.0733013 
22 0 -1.53809 0.293 -1.4648 0 0.0732403 -0.0733013 
23 0 -2.70997 0 -0.878902 0.292999 -0.0732403 -0.0732002 
24 0 -1.9775 0 -1.4649 0 0 -0.2197 
25 0 0 0 0 0 0 0 
26 0 -2.3438 0.293 -0.878899 0 0 0 
27 0 -3.2226 0.2929 -0.585899 0 -0.0732398 -0.0732994 
28 0 -2.1241 0.293 -0.878899 0 -0.5127 -0.1465 
29 -0.0733013 -3.2226 0 -0.293003 0 -0.43945 -0.2929 
30 -0.366199 -2.6367 0.58593 0 0 -0.8789 -0.366199 
31 -0.512699 -2.1973 0.585939 0 0.292999 -0.87891 -0.293001 
32 -0.585901 -2.3438 0 0 0.2929 -0.95215 -0.366199 
33 -0.439499 -2.3437 0.58594 0 0.585999 -1.3916 -0.2197 
34 -0.4394 -2.9297 0 0.293003 0.585899 -1.09859 -0.0732994 
35 -0.659201 -2.124 0 0.585899 1.1719 -1.1719 0 
36 -0.439501 -1.9776 0 0.292999 0.585899 -0.878901 0 
37 0 0 0 0 0 0 0 
38 -0.512699 -1.9775 0.29297 0.292999 0.586002 -1.0254 0.0732994 
39 -0.2929 -1.4648 0 0 0.585899 -0.8789 -0.0732994 
40 -0.292999 -1.5381 0.29296 0.2929 0.585999 -0.5127 0.0732994 
41 -0.439501 -1.3916 0.58594 0.292999 0.2929 -0.5127 -0.0732994 
42 -0.1464 -0.805698 0.29297 0 0 -0.219701 0 
43 -0.0732994 -0.4394 0 0 0 0 0 
44 0 0 0 0 0 0 0 
45 0 0 0 0 0 0 0 
46 0.0732994 0 0 0 0 0 0 
47 0.805601 0 0 0 0 0 0 
48 0 0 0 0 0 0 0 
49 1.5381 0 0 0 0 0 0.1465 
50 1.9775 0 0 0 0 0 0.292999 
51 2.1241 0 0 -0.585899 0 0 0.512701 
52 2.5634 0 0 -0.292999 0 0 0.6591 
53 2.2706 0 0 -0.292999 0 0 1.1719 
54 2.1972 0 -0.29297 -0.585899 0 0 1.0987 
55 3.003 -0.219799 0 -0.293003 0 0 1.0253 
56 2.7099 -0.1464 -0.29297 -0.292999 0 0 1.0987 
57 2.417 -0.219803 0 -0.585899 0 0 0.8789 
58 2.9297 -0.2197 -0.29297 -0.585899 0 0.0732012 0.952101 
59 0 0 0 0 0 0 0 
60 2.4902 -0.292999 0 -0.878902 0 0 0.7324 
61 2.3438 -0.1465 0 -0.292999 0 0 0.732499 
62 3.0029 0 0 0 0 0.1465 0.952101 
63 2.124 0 -0.29296 -0.585999 0 0.1465 0.585959 
64 2.4903 0 0 -0.2929 0 0.146501 0.43945 
65 1.7578 0 0 -0.585999 -0.585899 0.146399 0.43945 
66 1.3916 0 -0.29297 -0.2929 0 0.0733004 0.14649 
67 1.3916 0 -0.87891 0 0 0.2197 0.0732393 
68 0.585899 0 -0.29297 0 0 0.146501 0 
69 0.366196 0 -0.87893 0 0 0.2197 0 
70 0 0 0 0 0 0 0 
71 0.292999 0 -0.5859 0 0 0.5127 0 
72 0.1465 0.366299 -0.8789 -0.586002 0 0.6592 0 
73 0 1.0986 -0.878901 0 0 0.8789 0 
74 0 1.0986 -0.585999 0 0 1.1719 0 
75 0 1.7578 -1.7578 0 0 1.0254 0 
76 0 1.5381 -0.878901 0 0 1.31833 0 
77 -0.292999 1.6113 -1.7578 0.878902 0.292999 0.8789 -0.0732393 
78 -1.1719 2.1973 -2.0508 0.292999 0 1.02539 0 
79 -0.952103 1.7578 -2.6367 0.878899 0.2929 1.02539 -0.14649 
80 -0.805695 1.9776 -2.6367 0.585999 0.878899 0.65918 -0.29296 
81 0 0 0 0 0 0 0 
82 -1.1719 2.7832 -2.3438 1.1718 0.586002 0.58594 -0.36622 
83 -1.0253 2.0507 -1.7578 1.1719 1.1718 0.58594 -0.292959 
84 -0.878902 2.7833 -2.6367 1.4649 1.1719 0.29297 -0.14649 
85 -0.952198 2.124 -2.0508 0.878899 1.1719 0.58594 -0.146481 
86 -0.585899 1.9775 -1.7578 1.7578 0.878902 0.29296 0 
87 -0.586002 2.4902 -1.4648 0.585899 1.4648 0.21973 0 
88 -0.2929 1.5381 -0.878899 1.1719 0.586002 0.36621 0 
89 -0.1465 1.5381 -0.878902 1.1719 0.585899 0.21973 0 
90 -0.0732994 0.878899 -0.878998 0 0.292999 0.14648 0 
91 0 0.586 -0.2929 0.2929 0.292999 0.21973 -0.0732498 
92 0 0 0 0 0 0 0 
93 0 0.2197 -0.292999 0 0 0.07324 -0.0732403 
94 0 0 -0.292999 0 0 0.14649 -0.14646 
95 0 0 0 -0.2929 0 0.07324 -0.0733004 
96 -0.2929 0 0.292999 -0.292999 0 0.07324 -0.146399 
97 -0.585999 0 0 -0.292999 0 0.21973 -0.366301 
98 -0.878902 0 0 -0.585899 0.2929 0.07324 -0.2197 
99 -1.3916 0 0 -0.292999 0 0 -0.2197 
100 -1.3916 0 0.292999 0 0.878899 0 -0.0733004 
101 -1.5381 0 0.2929 -0.292999 0.586002 0 -0.2197 
102 -2.3437 0 0 -0.2929 1.1718 0 -0.2197 
103 0 0 0 0 0 0 0 
104 -1.9043 -0.1465 0 -0.293003 1.4649 0.07324 -0.1465 
105 -2.5635 -0.1465 0 -0.292999 0.878901 -0.07324 -0.293 
106 -2.3437 -0.1465 0 -0.2929 1.1719 0 -0.5859 
107 -3.003 -0.1464 0 0 1.1718 0.07324 -0.5127 
108 -2.2705 0 -0.585899 0 1.7579 0 -1.0254 
109 -2.3437 -0.0733013 -0.292999 0.2929 2.3437 0 -0.952101 
110 -2.71 -0.0731983 -0.878902 0.292999 2.0508 -0.07324 -0.9522 
111 -2.3437 -0.0733013 -1.7578 0.878902 2.9297 0 -0.878901 
112 -2.4903 0 -2.3437 1.4649 2.6367 0 -0.4394 
113 -3.0761 -0.0732002 -2.0508 0.585903 2.3437 0 -0.0732994 
114 0 0 0 0 0 0 0 
115 -2.2706 -0.1465 -2.3438 0.292999 3.80863 0 0.0732994 
116 -2.6367 -0.2197 -2.6367 0.2929 2.92969 0 0.1464 
117 -1.831 -0.292999 -2.0508 0 3.22266 0 0.366301 
118 -1.6846 -0.366201 -1.7578 0.292999 2.63671 0 0.4394 
119 -1.8311 -0.439499 -1.1718 0 1.75781 0 0.1465 
120 -1.0986 -0.366199 -0.878998 0 2.92968 -0.14649 0 
121 -0.8056 -0.439402 -0.585899 0 1.17188 -0.14648 0 
122 -0.586 -0.292999 -0.585899 0 1.17187 0 0 
123 -0.293 -0.1465 -0.586002 0 0.29297 -0.07324 0 
124 0 -0.1465 -0.585899 0 0 0 0 
125 0 0 0 0 0 0 0 
126 0 0 -0.292999 0 0 0.07324 0 
127 0 0 -0.2929 -0.292999 0 -0.07324 0 
128 0 0 -0.292999 0 0 0.07324 0 
129 0.586 0 -0.585903 0 0 0 0 
130 0.9521 0 -0.292999 0 0 0 0 
131 0.659201 0 -0.585899 -0.2929 0 -0.07324 0 
132 0.7324 0 -0.585999 -0.586002 0 0.07324 0 
133 0.878901 0 -1.1719 -0.585899 0 -0.07324 0 
134 0.659199 0 -0.878899 -1.1719 0 0.07324 0 
135 0.659201 0.1465 -1.4648 -1.1719 0 0 0.0732002 
136 0 0 0 0 0 0 0 
137 0.8057 0.292999 -0.878906 -1.7578 0 -0.07324 0.219799 
138 0.732399 0.0732002 -0.585999 -1.4648 0 0.07324 0.1464 
139 0.659201 0.1465 -0.585899 -1.4649 0 -0.07324 0 
140 0.952099 0.2197 -0.292999 -2.3437 -0.8789 0.07324 0 
141 0.659201 0 -0.585899 -2.3438 -0.58594 0 0 
142 0.878901 0 -0.585899 -1.4648 -0.58594 -0.07324 0 
143 0.732399 0 0 -2.0508 -1.17187 -0.07324 0 
144 0.659201 0.0733013 0 -2.0508 -0.87891 -0.14649 0 
145 0.8057 0 0 -1.4648 -1.46484 -0.21973 0 
146 0.512699 0 0 -2.3438 -1.17188 -0.14648 0 
147 0 0 0 0 0 0 0 
148 0.512701 0 0 -1.4648 -0.878911 -0.14648 0 
149 0.4394 0 0.585899 -1.7578 -1.17187 -0.14649 -0.0731993 
150 0.366199 0 0 -2.0508 -0.87891 -0.36621 0 
151 0.293001 0.2197 0.585899 -1.1719 -0.58593 -0.65918 0 
152 0.1465 0.0732994 0.292999 -1.7578 -1.17188 -1.46484 0 
153 0.1465 0.2929 0 -1.7578 -1.17187 -1.24512 0 
154 0.0732002 0.292999 0.292999 -1.4648 -1.17188 -1.97754 0 
155 0.0732002 0.219702 0.2929 -1.7579 -0.58594 -1.68459 0 
156 0.219799 0.366199 0.585999 -1.4648 -0.8789 -1.831 -0.0732012 
157 0.0732002 0.292999 0.2929 -1.4648 -1.46484 -2.4903 0.0732012 
158 0 0 0 0 0 0 0 
159 0.0732994 0.366199 0.586006 -2.0508 -0.5859 -1.831 0 
160 0 0.366201 0 -1.7578 -0.586 -1.8311 0 
161 0 0.512699 0.585899 -1.1719 -0.8789 -2.2705 0 
162 0 0.5127 0.585999 -1.4649 -0.878901 -1.7578 0 
163 0 0.5127 0.2929 -0.585899 -0.585899 -1.9043 0 
164 0 0.6592 0.292999 -1.1719 -0.586 -1.1719 0 
165 0 0.732401 0.292999 -0.878899 0 -0.6591 0 
166 0 0.7324 0.585899 -0.585899 0 -0.292999 0 
167 0 1.0987 0.585899 -0.586006 0 0 0 
168 0 0.8056 0.293003 0 -0.2929 0 0 
169 0 0 0 0 0 0 0 
170 0 0.9522 0.585999 0 0 0 0 
171 0 1.09861 0.585899 0 0 0.0732002 0 
172 0 0.65918 0.292999 0 0 0 0 
173 0 0.73242 0.2929 0.293007 0 0 0 
174 0 0.73242 0.293003 0.292999 0 -0.0732002 0 
175 0 0.36622 0 0.585899 0 0 0 
176 0 0.29296 0 0.292999 0 0 0 
177 0 0.0732503 0 1.1719 0 0.0732002 0 
178 0 0 0 0.585899 0 0 0 
179 0 0 0 0.585899 0 0 0 
180 0 0 0 0 0 0 0 
181 0 0 0 1.4649 0 -0.0732002 0 
182 0 0 0 0.292999 0 0.0732002 -0.0732012 
183 0 0 0 1.1718 0 0 0.0732012 
184 0 0 0 0.878899 0 0 0 
185 0 0 0 1.1719 0 0 0 
186 0 0 0 0.878906 0 0 0 
187 0 0 0 0.585999 0 -0.0732002 0 
188 0 0 0 0.2929 0 0.0732002 -0.0732012 
189 0 0 0 0.878899 0 0 0.0732012 
190 0 0 0 0.292999 0 0 0 
191 0 0 0 0 0 0 0 
192 0 0 0 0.292999 0 0 -0.0732012 
193 0 0 0 0 0 0 0.0732012 
194 0 0 0 0 0 0 0 
195 0 0 -0.293003 0 0 0 0 
196 0 0 0 0 0 -0.0732002 0 
197 0 0 -0.2929 0 0 0.0732002 0 
198 0 0.14648 0 0 0 0 -0.0732012 
199 0 0.58594 0 0 0 0 0.0732012 
200 0 0.21972 0 -0.292999 0 0 0 
201 0 0.29297 0 0 0 0 -0.0732012 
202 0 0.36621 0 -0.878899 0 -0.0732002 0.0732012 
203 0 0 0 0 0 0 0 
204 0 0.21973 0 -0.292999 0 0.0732002 0 
205 0 0.29297 0 0 0 -0.0732002 0 
206 0 0.21973 0 0 0 0.0732002 0 
207 0 0.21972 0 -0.2929 0 0 0 
208 0 0.14649 0 0 0 0 0 
209 0 0.07324 0 -0.292999 0 0 0 
210 0 0.0732398 0 0 0 0 0 
211 0 0 0.2929 0 0 0 0 
212 0 0 0 0 0 0 0 
213 0 0 0 0 0 0 -0.0732012 
214 0 0 0 0 0 0 0 
215 0 0 0 0 0 0 0.0732012 
216 0 0 0 0 0 0 0 
217 0 0 0 0 0 -0.0732002 0 
218 0 0 0 0.292999 0 0 0 
219 0 0 0 0 0 0.0732002 0 
220 0 0 0 0 0 -0.0732002 -0.0732012 
221 0 0 0 0.2929 0 0.0732002 0.0732012 
222 0 0 0 0 0 0 0 
223 0 0 0 0 0 0 0 
224 0 0 0 0 0 0 0 
225 0 0 0 0 0 0 0 
226 0 0 0 0 0 -0.0732002 0 
227 0 0 0 0 0 0.0732002 0 
228 0 0 0 0 0 0 0 
229 0 0 0 0 0 0 0 
230 0 0 0 0 0 0 0 
231 0 0 0 0 0 0 0 
232 0 0 0 0 0 0 0 
233 0 0 0 0 0 -0.0732002 0 
234 0 0 0 0 0 0.0732002 0 
235 0 0 0 0 0 0 0 
236 0 0 0 0 0 0 0 
237 0 0 0 0 0 -0.0732002 0 
238 0 0 0 0 0 0.0732002 0 
239 0 0 0 0 0 0 0 
240 0 0 0 0 0 0 -0.0732012 
241 0 0 0 0 0 0 0.0732012 
242 0 0 0 0 0 0 0 
243 0 0 0 0 0 0 0 
244 0 0 0 0 0 0 0 
245 0 0 0 0 0 0 0 
246 0 0 0 0 0 0 0 
247 0 0 0 0 0 0 0 
248 0 0 0 0 0 0 0 
249 0 0 0 0 0 0 -0.0732012 
