0 25.5615 -6.95801 12.3047 -52.4414 -48.9258 -15.7471 -25.708 0 0 0 0 0 0 0 
1 25.5615 -6.95801 12.3047 -52.4414 -48.9258 -15.7471 -25.708 -0.1465 0 0 0.585899 0.292999 0.0732994 -0.2197 
2 25.415 -6.95801 12.3047 -51.8555 -48.6328 -15.6738 -25.9277 -0.0732002 0 0 0.292999 0.292999 0.0732002 -0.219799 
3 25.3418 -6.95801 12.3047 -51.5625 -48.3398 -15.6006 -26.1475 -0.0732002 0 0 0 0 0.146501 -0.1464 
4 25.2686 -6.95801 12.3047 -51.5625 -48.3398 -15.4541 -26.2939 0 0 0 0.292999 0 0.1465 -0.0733013 
5 25.2686 -6.95801 12.3047 -51.2695 -48.3398 -15.3076 -26.3672 0 0 0 0 0 0 -0.1465 
6 25.2686 -6.95801 12.3047 -51.2695 -48.3398 -15.3076 -26.5137 0 0 0 0 0 0.2197 -0.2197 
7 25.2686 -6.95801 12.3047 -51.2695 -48.3398 -15.0879 -26.7334 0 0 0 0 0 0.0733004 -0.0732002 
8 25.2686 -6.95801 12.3047 -51.2695 -48.3398 -15.0146 -26.8066 0 0 0 0 0 0.146399 -0.1465 
9 25.2686 -6.95801 12.3047 -51.2695 -48.3398 -14.8682 -26.9531 0 0 0 0 0 0.0733004 0 
10 25.2686 -6.95801 12.3047 -51.2695 -48.3398 -14.7949 -26.9531 0 0 0 0.2929 0 0 0 
11 25.2686 -6.95801 12.3047 -50.9766 -48.3398 -14.7949 -26.9531 0 0 0 0 0 0 0 
12 25.2686 -6.95801 12.3047 -50.9766 -48.3398 -14.7949 -26.9531 0 0 0 0 0 0 0 
13 25.2686 -6.95801 12.3047 -50.9766 -48.3398 -14.7949 -26.9531 0 0 0 0 0 0 -0.0732994 
14 25.2686 -6.95801 12.3047 -50.9766 -48.3398 -14.7949 -27.0264 0 0 0 0 0 0 -0.0732002 
15 25.2686 -6.95801 12.3047 -50.9766 -48.3398 -14.7949 -27.0996 -0.219801 0 -0.293 0 0 0 -0.2197 
16 25.0488 -6.95801 12.0117 -50.9766 -48.3398 -14.7949 -27.3193 -0.512699 -0.65918 -0.2929 0 0 0 -0.366199 
17 24.5361 -7.61719 11.7188 -50.9766 -48.3398 -14.7949 -27.6855 -0.512701 -1.90429 -0.292999 0 0 -0.0733004 -0.659201 
18 24.0234 -9.52148 11.4258 -50.9766 -48.3398 -14.8682 -28.3447 -0.512699 -2.19732 -0.878901 -0.2929 0.2929 -0.2929 -0.659201 
19 23.5107 -11.7188 10.5469 -51.2695 -48.0469 -15.1611 -29.0039 -0.585899 -3.0761 -0.585959 -0.292999 0.293003 -0.1465 -0.366199 
20 22.9248 -14.7949 9.96094 -51.5625 -47.7539 -15.3076 -29.3701 -0.439402 -2.7832 -0.292971 -0.292999 0.878899 -0.5127 -0.2197 
21 22.4854 -17.5781 9.66797 -51.8555 -46.875 -15.8203 -29.5898 -0.659199 -2.8565 -0.29297 -0.585899 0.292999 -0.6592 -0.366301 
22 21.8262 -20.4346 9.375 -52.4414 -46.582 -16.4795 -29.9561 0 0 0 0 0 0 0 
23 21.8262 -20.4346 9.375 -52.4414 -46.582 -16.4795 -29.9561 -0.8057 -3.7353 0.29297 0 0.2929 -1.0254 -0.1464 
24 21.0205 -24.1699 9.66797 -52.4414 -46.2891 -17.5049 -30.1025 -0.512701 -3.0762 0.292971 0 0.586002 -1.3916 -0.219799 
25 20.5078 -27.2461 9.96094 -52.4414 -45.7031 -18.8965 -30.3223 -0.512699 -3.2959 1.17186 0 0.2929 -1.1719 -0.2197 
26 19.9951 -30.542 11.1328 -52.4414 -45.4102 -20.0684 -30.542 -0.585899 -2.5635 0.8789 0 0.585999 -1.0986 0 
27 19.4092 -33.1055 12.0117 -52.4414 -44.8242 -21.167 -30.542 -0.366201 -2.6367 0.878901 0.585899 1.4648 -0.585899 -0.0732002 
28 19.043 -35.7422 12.8906 -51.8555 -43.3594 -21.7529 -30.6152 -0.366199 -2.8564 0.585999 0.292999 0.878902 -0.219801 0 
29 18.6768 -38.5986 13.4766 -51.5625 -42.4805 -21.9727 -30.6152 -0.219799 -1.9043 0.878901 0 0.878899 0 0 
30 18.457 -40.5029 14.3555 -51.5625 -41.6016 -21.9727 -30.6152 -0.2929 -1.5381 0.2929 0.292999 0.586002 0 0 
31 18.1641 -42.041 14.6484 -51.2695 -41.0156 -21.9727 -30.6152 -0.219801 -1.3916 0.585999 0.2929 0.878899 0 0 
32 17.9443 -43.4326 15.2344 -50.9766 -40.1367 -21.9727 -30.6152 -0.2197 -0.878902 0.5859 0.292999 0.2929 0 -0.0732994 
33 17.7246 -44.3115 15.8203 -50.6836 -39.8438 -21.9727 -30.6885 0 0 0 0 0 0 0 
34 17.7246 -44.3115 15.8203 -50.6836 -39.8438 -21.9727 -30.6885 -0.0732002 -0.805698 0 0.293003 0.292999 0 0 
35 17.6514 -45.1172 15.8203 -50.3906 -39.5508 -21.9727 -30.6885 0 -0.4394 0.293 0.585899 0 -0.0732002 0 
36 17.6514 -45.5566 16.1133 -49.8047 -39.5508 -22.0459 -30.6885 0 -0.439503 0.2929 0.292999 0 -0.292999 0 
37 17.6514 -45.9961 16.4062 -49.5117 -39.5508 -22.3389 -30.6885 0.0732002 -0.659199 0.292999 0 0 -0.2197 0 
38 17.7246 -46.6553 16.6992 -49.5117 -39.5508 -22.5586 -30.6885 1.1719 -0.659199 0.586 0 0 -0.512701 0 
39 18.8965 -47.3145 17.2852 -49.5117 -39.5508 -23.0713 -30.6885 1.7578 -0.805599 0.585899 0 0 -0.732399 0 
40 20.6543 -48.1201 17.8711 -49.5117 -39.5508 -23.8037 -30.6885 2.3437 -0.366203 0.585901 -0.585999 0.292999 -0.732401 0.292999 
41 22.998 -48.4863 18.457 -50.0977 -39.2578 -24.5361 -30.3955 2.1973 -0.219799 0.292999 -0.878902 0 -0.8057 0.366199 
42 25.1953 -48.7061 18.75 -50.9766 -39.2578 -25.3418 -30.0293 3.1494 -0.2197 0.878901 -1.4648 0 -0.512699 0.366201 
43 28.3447 -48.9258 19.6289 -52.4414 -39.2578 -25.8545 -29.6631 2.8565 -0.0732002 0.585899 -0.585903 0 -0.4394 0.659199 
44 31.2012 -48.999 20.2148 -53.0273 -39.2578 -26.2939 -29.0039 3.1494 -0.0732994 0.879 -2.0508 0 -0.1465 0.585901 
45 34.3506 -49.0723 21.0938 -55.0781 -39.2578 -26.4404 -28.418 0 0 0 0 0 0 0 
46 34.3506 -49.0723 21.0938 -55.0781 -39.2578 -26.4404 -28.418 3.7353 0 0.2929 -0.878902 0 -0.146502 0.878899 
47 38.0859 -49.0723 21.3867 -55.957 -39.2578 -26.5869 -27.5391 3.2227 0 0.586 -1.7578 -0.292999 0.0732002 0.586 
48 41.3086 -49.0723 21.9727 -57.7148 -39.5508 -26.5137 -26.9531 4.1016 0 0.585899 -0.292999 -0.292999 -0.2197 0.585899 
49 45.4102 -49.0723 22.5586 -58.0078 -39.8438 -26.7334 -26.3672 3.0029 0 0.293001 -0.878899 -0.2929 -0.292999 0.293001 
50 48.4131 -49.0723 22.8516 -58.8867 -40.1367 -27.0264 -26.0742 2.5635 0 0.2929 -1.4649 -0.878899 -0.512701 0.366199 
51 50.9766 -49.0723 23.1445 -60.3516 -41.0156 -27.5391 -25.708 2.7832 0 0.292999 -0.2929 -0.293003 -0.805599 0.292999 
52 53.7598 -49.0723 23.4375 -60.6445 -41.3086 -28.3447 -25.415 3.1494 -0.0732002 0 -0.878899 -0.292999 -1.0254 0.2929 
53 56.9092 -49.1455 23.4375 -61.5234 -41.6016 -29.3701 -25.1221 2.0508 0 0 -0.586002 0 -0.8057 0.366201 
54 58.96 -49.1455 23.4375 -62.1094 -41.6016 -30.1758 -24.7559 2.4902 -0.0732994 0 -0.2929 0 -0.4394 0.439499 
55 61.4502 -49.2188 23.4375 -62.4023 -41.6016 -30.6152 -24.3164 1.831 0 0 -1.1719 -0.2929 -0.439501 0.293001 
56 63.2812 -49.2188 23.4375 -63.5742 -41.8945 -31.0547 -24.0234 0 0 0 0 0 0 0 
57 63.2812 -49.2188 23.4375 -63.5742 -41.8945 -31.0547 -24.0234 1.8311 0 -0.292999 -0.586002 0 -0.0731983 0.2197 
58 65.1123 -49.2188 23.1445 -64.1602 -41.8945 -31.1279 -23.8037 1.9043 0 0 -0.878899 0 -0.0733013 0.1465 
59 67.0166 -49.2188 23.1445 -65.0391 -41.8945 -31.2012 -23.6572 1.1719 0 -0.2929 -0.878899 0 0 0 
60 68.1885 -49.2188 22.8516 -65.918 -41.8945 -31.2012 -23.6572 0.952103 0 -0.293001 -0.2929 0 0.0733013 0 
61 69.1406 -49.2188 22.5586 -66.2109 -41.8945 -31.1279 -23.6572 0.366196 0 -0.292999 -0.292999 0 0 0 
62 69.5068 -49.2188 22.2656 -66.5039 -41.8945 -31.1279 -23.6572 0.0733032 0 -0.585899 0 0 0.1465 -0.0732994 
63 69.5801 -49.2188 21.6797 -66.5039 -41.8945 -30.9814 -23.7305 0 0 -0.293001 0 0 0.4394 0.0732994 
64 69.5801 -49.2188 21.3867 -66.5039 -41.8945 -30.542 -23.6572 0 0 -0.2929 0 0 0.512699 0 
65 69.5801 -49.2188 21.0938 -66.5039 -41.8945 -30.0293 -23.6572 0 0.1465 -0.879 0.292999 0 0.659201 0 
66 69.5801 -49.0723 20.2148 -66.2109 -41.8945 -29.3701 -23.6572 0 0.659199 -1.1718 0.2929 0 1.0254 0 
67 69.5801 -48.4131 19.043 -65.918 -41.8945 -28.3447 -23.6572 0 0 0 0 0 0 0 
68 69.5801 -48.4131 19.043 -65.918 -41.8945 -28.3447 -23.6572 -0.0733032 0.805702 -1.4649 0.878899 0 0.878901 0 
69 69.5068 -47.6074 17.5781 -65.0391 -41.8945 -27.4658 -23.6572 -0.878899 1.3916 -1.7578 0.878899 0 1.0254 0 
70 68.6279 -46.2158 15.8203 -64.1602 -41.8945 -26.4404 -23.6572 -1.0254 1.6113 -1.4648 0.293003 0 1.1718 0 
71 67.6025 -44.6045 14.3555 -63.8672 -41.8945 -25.2686 -23.6572 -0.952103 2.417 -1.4649 1.4649 0 1.0254 0 
72 66.6504 -42.1875 12.8906 -62.4023 -41.8945 -24.2432 -23.6572 -1.1719 2.124 -1.7578 0.585903 -0.292999 1.3916 0 
73 65.4785 -40.0635 11.1328 -61.8164 -42.1875 -22.8516 -23.6572 -1.1719 2.5635 -1.46483 1.4648 -0.585899 1.0987 0.1465 
74 64.3066 -37.5 9.66797 -60.3516 -42.7734 -21.7529 -23.5107 -1.6845 3.6621 -1.46485 1.7578 -0.292999 0.805599 0.2929 
75 62.6221 -33.8379 8.20312 -58.5938 -43.0664 -20.9473 -23.2178 -1.2451 3.0762 -0.8789 0.878998 -1.4648 1.0254 0.732401 
76 61.377 -30.7617 7.32422 -57.7148 -44.5312 -19.9219 -22.4854 -1.2452 3.0762 -0.29297 2.6367 -0.878998 0.586 0.7325 
77 60.1318 -27.6855 7.03125 -55.0781 -45.4102 -19.3359 -21.7529 -1.4648 4.248 0 2.3437 -0.878902 0.585899 1.0986 
78 58.667 -23.4375 7.03125 -52.7344 -46.2891 -18.75 -20.6543 0 0 0 0 0 0 0 
79 58.667 -23.4375 7.03125 -52.7344 -46.2891 -18.75 -20.6543 -1.3184 3.2959 0 2.3438 -0.585899 0.439501 1.0254 
80 57.3486 -20.1416 7.03125 -50.3906 -46.875 -18.3105 -19.6289 -1.7578 3.5889 0.29297 3.2226 -0.585899 0.146399 1.0986 
81 55.5908 -16.5527 7.32422 -47.168 -47.4609 -18.1641 -18.5303 -1.4648 2.4902 0.58594 2.6368 -0.292999 0.146502 0.9522 
82 54.126 -14.0625 7.91016 -44.5312 -47.7539 -18.0176 -17.5781 -1.5381 2.1973 0.29296 3.5156 0 0.0732994 0.659201 
83 52.5879 -11.8652 8.20312 -41.0156 -47.7539 -17.9443 -16.9189 -1.7578 2.70993 0 1.4648 0 0 0.2929 
84 50.8301 -9.15527 8.20312 -39.5508 -47.7539 -17.9443 -16.626 -1.0987 1.68457 0 2.0508 -0.293003 -0.0732994 0.0732994 
85 49.7314 -7.4707 8.20312 -37.5 -48.0469 -18.0176 -16.5527 -0.878899 1.3916 0 2.0508 0 0.0732994 0.0732002 
86 48.8525 -6.0791 8.20312 -35.4492 -48.0469 -17.9443 -16.4795 -0.732403 1.46484 0 0.878899 0 0.2197 0.0732994 
87 48.1201 -4.61426 8.20312 -34.5703 -48.0469 -17.7246 -16.4062 -0.4394 0.73242 0 0.292999 0 0.366199 0 
88 47.6807 -3.88184 8.20312 -34.2773 -48.0469 -17.3584 -16.4062 -0.1465 0.5127 0 0 0 0.293001 0 
89 47.5342 -3.36914 8.20312 -34.2773 -48.0469 -17.0654 -16.4062 0 0 0 0 0 0 0 
90 47.5342 -3.36914 8.20312 -34.2773 -48.0469 -17.0654 -16.4062 -0.439499 0.14648 0 0 0 0.512699 0 
91 47.0947 -3.22266 8.20312 -34.2773 -48.0469 -16.5527 -16.4062 -0.659199 0.0732501 0 -0.585999 0 0.366199 0 
92 46.4355 -3.14941 8.20312 -34.8633 -48.0469 -16.1865 -16.4062 -1.0253 0 0 -0.2929 0 0.3662 -0.1465 
93 45.4102 -3.14941 8.20312 -35.1562 -48.0469 -15.8203 -16.5527 -1.1719 0.14648 0 -0.585999 0 0.5127 -0.0732994 
94 44.2383 -3.00293 8.20312 -35.7422 -48.0469 -15.3076 -16.626 -1.4649 0.14648 0.29297 -1.1719 0.293003 0.2197 -0.1465 
95 42.7734 -2.85645 8.49609 -36.9141 -47.7539 -15.0879 -16.7725 -2.124 0 0 -0.2929 0.292999 0.2197 -0.219702 
96 40.6494 -2.85645 8.49609 -37.207 -47.4609 -14.8682 -16.9922 -2.1973 0 0 -0.292999 0.878899 0.146501 -0.0731983 
97 38.4521 -2.85645 8.49609 -37.5 -46.582 -14.7217 -17.0654 -2.2705 0 0.29297 0 0.2929 0 -0.146502 
98 36.1816 -2.85645 8.78906 -37.5 -46.2891 -14.7217 -17.2119 -3.4423 0 0.292971 0 0.292999 0 -0.2197 
99 32.7393 -2.85645 9.08203 -37.5 -45.9961 -14.7217 -17.4316 -2.8565 0 0.585939 0.585899 0.585903 0 -0.1465 
100 29.8828 -2.85645 9.66797 -36.9141 -45.4102 -14.7217 -17.5781 0 0 0 0 0 0 0 
101 29.8828 -2.85645 9.66797 -36.9141 -45.4102 -14.7217 -17.5781 -3.7353 0 0 0.586002 0.292999 0 -0.0732994 
102 26.1475 -2.85645 9.66797 -36.3281 -45.1172 -14.7217 -17.6514 -3.003 0 0.292971 1.7578 0.585999 -0.2929 0 
103 23.1445 -2.85645 9.96094 -34.5703 -44.5312 -15.0146 -17.6514 -3.1494 0 0.585959 0.878902 0.2929 -0.2198 0 
104 19.9951 -2.85645 10.5469 -33.6914 -44.2383 -15.2344 -17.6514 -3.3691 0 0.2929 1.4648 0.585999 -0.5859 -0.0732002 
105 16.626 -2.85645 10.8398 -32.2266 -43.6523 -15.8203 -17.7246 -2.2705 -0.21972 0.879 0.586 0.2929 -0.3662 0 
106 14.3555 -3.07617 11.7188 -31.6406 -43.3594 -16.1865 -17.7246 -1.8311 -0.73242 0 0.2929 0 -0.292999 0 
107 12.5244 -3.80859 11.7188 -31.3477 -43.3594 -16.4795 -17.7246 -1.7578 -0.36621 0 0.292999 0.586002 -0.2197 0 
108 10.7666 -4.1748 11.7188 -31.0547 -42.7734 -16.6992 -17.7246 -0.952149 -0.29297 0.2929 0 0 -0.1465 -0.0732994 
109 9.81445 -4.46777 12.0117 -31.0547 -42.7734 -16.8457 -17.7979 -0.659181 -0.43946 0.293 -0.292999 0.2929 0 -0.1464 
110 9.15527 -4.90723 12.3047 -31.3477 -42.4805 -16.8457 -17.9443 -0.14648 -0.14648 0 -0.2929 0 0 -0.1465 
111 9.00879 -5.05371 12.3047 -31.6406 -42.4805 -16.8457 -18.0908 0 0 0 0 0 0 0 
112 9.00879 -5.05371 12.3047 -31.6406 -42.4805 -16.8457 -18.0908 0 -0.14649 -0.293 -0.292999 0 0 -0.293001 
113 9.00879 -5.2002 12.0117 -31.9336 -42.4805 -16.8457 -18.3838 -0.0732403 -0.0732398 0 0 0 0 -0.366199 
114 8.93555 -5.27344 12.0117 -31.9336 -42.4805 -16.8457 -18.75 -0.0732498 0 0 -0.293001 0 0 -0.366199 
115 8.8623 -5.27344 12.0117 -32.2266 -42.4805 -16.8457 -19.1162 0 0 0 0 0 0 -0.2197 
116 8.8623 -5.27344 12.0117 -32.2266 -42.4805 -16.8457 -19.3359 0 0 -0.2929 0 0 0 -0.146502 
117 8.8623 -5.27344 11.7188 -32.2266 -42.4805 -16.8457 -19.4824 0 0 0 0 0 0 -0.1465 
118 8.8623 -5.27344 11.7188 -32.2266 -42.4805 -16.8457 -19.6289 0 0 0 0 0 0 0 
119 8.8623 -5.27344 11.7188 -32.2266 -42.4805 -16.8457 -19.6289 0 0 -0.585999 0 0 0 0 
120 8.8623 -5.27344 11.1328 -32.2266 -42.4805 -16.8457 -19.6289 0.21973 0 -0.5859 0 0 0 0 
121 9.08203 -5.27344 10.5469 -32.2266 -42.4805 -16.8457 -19.6289 0.439449 0 -0.585959 -0.2929 0 0 -0.0732002 
122 9.52148 -5.27344 9.96094 -32.5195 -42.4805 -16.8457 -19.7021 0 0 0 0 0 0 0 
123 9.52148 -5.27344 9.96094 -32.5195 -42.4805 -16.8457 -19.7021 0.51272 0 -1.17188 -0.292999 0 -0.2197 0.0732002 
124 10.0342 -5.27344 8.78906 -32.8125 -42.4805 -17.0654 -19.6289 0.5859 0 -1.17187 -0.292999 0 -0.219801 0 
125 10.6201 -5.27344 7.61719 -33.1055 -42.4805 -17.2852 -19.6289 0.6592 0 -1.17188 -1.1718 0.292999 -0.2197 -0.0732002 
126 11.2793 -5.27344 6.44531 -34.2773 -42.1875 -17.5049 -19.7021 0.878901 0 -2.34375 -1.1719 0 -0.292999 0 
127 12.1582 -5.27344 4.10156 -35.4492 -42.1875 -17.7979 -19.7021 1.0254 0 -2.34375 -1.1719 0.292999 -0.2929 0 
128 13.1836 -5.27344 1.75781 -36.6211 -41.8945 -18.0908 -19.7021 0.8789 0.14649 -2.63672 -1.4648 0.585899 -0.366201 0 
129 14.0625 -5.12695 -0.878906 -38.0859 -41.3086 -18.457 -19.7021 1.2451 0.21972 -3.51562 -1.7579 0.878902 -0.219799 0 
130 15.3076 -4.90723 -4.39453 -39.8438 -40.4297 -18.6768 -19.7021 0.9522 0.0732498 -3.51563 -0.878899 0.585899 -0.0732002 0 
131 16.2598 -4.83398 -7.91016 -40.7227 -39.8438 -18.75 -19.7021 0.878901 0.0732403 -4.39454 -2.0507 1.1719 0 0 
132 17.1387 -4.76074 -12.3047 -42.7734 -38.6719 -18.75 -19.7021 1.0986 0 -3.8086 -1.7578 0.878902 0 0 
133 18.2373 -4.76074 -16.1133 -44.5312 -37.793 -18.75 -19.7021 0 0 0 0 0 0 0 
134 18.2373 -4.76074 -16.1133 -44.5312 -37.793 -18.75 -19.7021 0.805698 0 -3.5156 -1.7579 1.7578 0 0 
135 19.043 -4.76074 -19.6289 -46.2891 -36.0352 -18.75 -19.7021 0.585901 0 -5.5664 -2.6367 2.0508 0 0 
136 19.6289 -4.76074 -25.1953 -48.9258 -33.9844 -18.75 -19.7021 0.8057 0 -4.3945 -2.0508 1.4649 0 0 
137 20.4346 -4.76074 -29.5898 -50.9766 -32.5195 -18.75 -19.7021 0.512699 0 -4.9805 -2.0507 2.9297 0 0 
138 20.9473 -4.76074 -34.5703 -53.0273 -29.5898 -18.75 -19.7021 0.2197 0 -4.6875 -2.9297 1.7578 0 0 
139 21.167 -4.76074 -39.2578 -55.957 -27.832 -18.75 -19.7021 0.2197 -0.43946 -4.1016 -2.0508 2.0508 0 0 
140 21.3867 -5.2002 -43.3594 -58.0078 -25.7812 -18.75 -19.7021 0.0732994 -0.51269 -3.2226 -2.9297 2.6367 0 0 
141 21.46 -5.71289 -46.582 -60.9375 -23.1445 -18.75 -19.7021 0.1464 -0.43945 -4.1016 -2.0508 1.7578 0 0 
142 21.6064 -6.15234 -50.6836 -62.9883 -21.3867 -18.75 -19.7021 0 -0.36621 -2.9297 -2.9297 2.3437 0 0 
143 21.6064 -6.51855 -53.6133 -65.918 -19.043 -18.75 -19.7021 0 -0.43946 -2.9297 -2.0508 1.1719 0 0 
144 21.6064 -6.95801 -56.543 -67.9688 -17.8711 -18.75 -19.7021 0 0 0 0 0 0 0 
145 21.6064 -6.95801 -56.543 -67.9688 -17.8711 -18.75 -19.7021 0.0733013 -0.43945 -2.0508 -2.3437 1.1719 -0.1465 0 
146 21.6797 -7.39746 -58.5938 -70.3125 -16.6992 -18.8965 -19.7021 0 -0.36621 -1.7578 -2.3437 1.4648 -0.0732002 0 
147 21.6797 -7.76367 -60.3516 -72.6562 -15.2344 -18.9697 -19.7021 0 -0.36621 -2.3437 -2.3438 0.585999 0 0 
148 21.6797 -8.12988 -62.6953 -75 -14.6484 -18.9697 -19.7021 0 -0.21973 -1.1719 -1.7578 0 0 0 
149 21.6797 -8.34961 -63.8672 -76.7578 -14.6484 -18.9697 -19.7021 0 -0.219729 -1.1719 -1.7578 0 0 0 
150 21.6797 -8.56934 -65.0391 -78.5156 -14.6484 -18.9697 -19.7021 0.0731983 -0.0732403 -0.878899 -1.4649 0 -0.0732994 0 
151 21.7529 -8.64258 -65.918 -79.9805 -14.6484 -19.043 -19.7021 0 0 -0.2929 -0.878899 0 -0.2197 0 
152 21.7529 -8.64258 -66.2109 -80.8594 -14.6484 -19.2627 -19.7021 0 0 -1.1719 -1.1718 0 -0.366201 0 
153 21.7529 -8.64258 -67.3828 -82.0312 -14.6484 -19.6289 -19.7021 0 0 0 -0.879005 0 -0.8057 0 
154 21.7529 -8.64258 -67.3828 -82.9102 -14.6484 -20.4346 -19.7021 0 0 0 -0.878899 0 -0.878899 0 
155 21.7529 -8.64258 -67.3828 -83.7891 -14.6484 -21.3135 -19.7021 0 0 0 0 0 0 0 
156 21.7529 -8.64258 -67.3828 -83.7891 -14.6484 -21.3135 -19.7021 0 0 0 -0.2929 0 -1.0254 0 
157 21.7529 -8.64258 -67.3828 -84.082 -14.6484 -22.3389 -19.7021 0 0 0.585899 -0.292999 0 -1.2451 0 
158 21.7529 -8.64258 -66.7969 -84.375 -14.6484 -23.584 -19.7021 0 0 0.585999 -1.1719 0 -0.659201 0 
159 21.7529 -8.64258 -66.2109 -85.5469 -14.6484 -24.2432 -19.7021 0 0 0.2929 0 0 -0.512699 0 
160 21.7529 -8.64258 -65.918 -85.5469 -14.6484 -24.7559 -19.7021 0 0.0732403 0.292999 -0.585899 0 -0.1464 0 
161 21.7529 -8.56934 -65.625 -86.1328 -14.6484 -24.9023 -19.7021 0 0.95215 0.585899 -0.586006 0 0.0732002 0 
162 21.7529 -7.61719 -65.0391 -86.7188 -14.6484 -24.8291 -19.7021 0 0.43946 0.878899 -0.585899 0 0 0 
163 21.7529 -7.17773 -64.1602 -87.3047 -14.6484 -24.8291 -19.7021 0 0.51269 0.879002 -0.292999 0 -0.0732002 0 
164 21.7529 -6.66504 -63.2812 -87.5977 -14.6484 -24.9023 -19.7021 0 0.65918 0.878899 -0.2929 0 0.0732002 0 
165 21.7529 -6.00586 -62.4023 -87.8906 -14.6484 -24.8291 -19.7021 0 0.36621 0.585903 -0.585999 0 0 0 
166 21.7529 -5.63965 -61.8164 -88.4766 -14.6484 -24.8291 -19.7021 0 0 0 0 0 0 0 
167 21.7529 -5.63965 -61.8164 -88.4766 -14.6484 -24.8291 -19.7021 0 0.43945 0.878899 -0.585899 0 -0.0732002 0 
168 21.7529 -5.2002 -60.9375 -89.0625 -14.6484 -24.9023 -19.7021 0 0.36622 0.292999 -0.292999 0 0.0732002 0 
169 21.7529 -4.83398 -60.6445 -89.3555 -14.6484 -24.8291 -19.7021 0 0.36621 0.2929 0 0 0 0 
170 21.7529 -4.46777 -60.3516 -89.3555 -14.6484 -24.8291 -19.7021 -0.1465 0.36621 0.878902 0 0 -0.0732002 0 
171 21.6064 -4.10156 -59.4727 -89.3555 -14.6484 -24.9023 -19.7021 -0.1464 0.21972 0.292999 0 0 0.0732002 0 
172 21.46 -3.88184 -59.1797 -89.3555 -14.6484 -24.8291 -19.7021 -0.0732994 0.0732501 0.292999 0 0 -0.0732002 0 
173 21.3867 -3.80859 -58.8867 -89.3555 -14.6484 -24.9023 -19.7021 -0.1465 0 0 0 0 0 0 
174 21.2402 -3.80859 -58.8867 -89.3555 -14.6484 -24.9023 -19.7021 -0.1464 0 0 0 0 0 0 
175 21.0938 -3.80859 -58.8867 -89.3555 -14.6484 -24.9023 -19.7021 0 0 0 0.292999 0 0 0 
176 21.0938 -3.80859 -58.8867 -89.0625 -14.6484 -24.9023 -19.7021 0 0 -0.292999 0.292999 0 0.0732002 0 
177 21.0938 -3.80859 -59.1797 -88.7695 -14.6484 -24.8291 -19.7021 0 0 0 0 0 0 0 
178 21.0938 -3.80859 -59.1797 -88.7695 -14.6484 -24.8291 -19.7021 0 0 0 0.2929 0 -0.0732002 0.0732002 
179 21.0938 -3.80859 -59.1797 -88.4766 -14.6484 -24.9023 -19.6289 0 0 -0.292999 0.585999 0 0.0732002 -0.0732002 
180 21.0938 -3.80859 -59.4727 -87.8906 -14.6484 -24.8291 -19.7021 0 0 -0.2929 0.2929 0 -0.0732002 0 
181 21.0938 -3.80859 -59.7656 -87.5977 -14.6484 -24.9023 -19.7021 0 0 0 0.292999 0 0.0732002 0 
182 21.0938 -3.80859 -59.7656 -87.3047 -14.6484 -24.8291 -19.7021 0 0 0 0.585899 0 0 0 
183 21.0938 -3.80859 -59.7656 -86.7188 -14.6484 -24.8291 -19.7021 0 0 -0.586002 0.586006 0 -0.0732002 0 
184 21.0938 -3.80859 -60.3516 -86.1328 -14.6484 -24.9023 -19.7021 0 0 0 0.292999 0 0.0732002 0 
185 21.0938 -3.80859 -60.3516 -85.8398 -14.6484 -24.8291 -19.7021 0 0 0 0.2929 0 -0.0732002 0 
186 21.0938 -3.80859 -60.3516 -85.5469 -14.6484 -24.9023 -19.7021 0 0 0 0 0 0 0 
187 21.0938 -3.80859 -60.3516 -85.5469 -14.6484 -24.9023 -19.7021 0 0 0 0 0 0 0 
188 21.0938 -3.80859 -60.3516 -85.5469 -14.6484 -24.9023 -19.7021 0 0 0 0 0 0.0732002 0 
189 21.0938 -3.80859 -60.3516 -85.5469 -14.6484 -24.8291 -19.7021 0 0 0 0 0 0 0 
190 21.0938 -3.80859 -60.3516 -85.5469 -14.6484 -24.8291 -19.7021 0 0 0 0 0 0 0 
191 21.0938 -3.80859 -60.3516 -85.5469 -14.6484 -24.8291 -19.7021 0 0 0 0 0 -0.0732002 0 
192 21.0938 -3.80859 -60.3516 -85.5469 -14.6484 -24.9023 -19.7021 0 0 0 0 0 0.0732002 0 
193 21.0938 -3.80859 -60.3516 -85.5469 -14.6484 -24.8291 -19.7021 0 0 0 0 0 -0.0732002 0 
194 21.0938 -3.80859 -60.3516 -85.5469 -14.6484 -24.9023 -19.7021 0 0 0 0 0 0.0732002 0 
195 21.0938 -3.80859 -60.3516 -85.5469 -14.6484 -24.8291 -19.7021 0 0 0 0 0 -0.0732002 0 
196 21.0938 -3.80859 -60.3516 -85.5469 -14.6484 -24.9023 -19.7021 0 0 0 0 0 0 0 
197 21.0938 -3.80859 -60.3516 -85.5469 -14.6484 -24.9023 -19.7021 0 0 0 0 0 0.0732002 0 
198 21.0938 -3.80859 -60.3516 -85.5469 -14.6484 -24.8291 -19.7021 0 0.07324 0 0 0 0 0 
199 21.0938 -3.73535 -60.3516 -85.5469 -14.6484 -24.8291 -19.7021 0 0.0732398 0 0 0 0 0 
200 21.0938 -3.66211 -60.3516 -85.5469 -14.6484 -24.8291 -19.7021 0 0 0 0 0 0 0 
201 21.0938 -3.66211 -60.3516 -85.5469 -14.6484 -24.8291 -19.7021 0 0 0 0 0 0 0 
202 21.0938 -3.66211 -60.3516 -85.5469 -14.6484 -24.8291 -19.7021 0 0 0 0 0 0 0 
203 21.0938 -3.66211 -60.3516 -85.5469 -14.6484 -24.8291 -19.7021 0 0 0 0 0 -0.0732002 0 
204 21.0938 -3.66211 -60.3516 -85.5469 -14.6484 -24.9023 -19.7021 0 0 0 0 0 0 0 
205 21.0938 -3.66211 -60.3516 -85.5469 -14.6484 -24.9023 -19.7021 0 0 0 0 0 0.0732002 0 
206 21.0938 -3.66211 -60.3516 -85.5469 -14.6484 -24.8291 -19.7021 0 0 0 0 0 0 0 
207 21.0938 -3.66211 -60.3516 -85.5469 -14.6484 -24.8291 -19.7021 0 0 0 0 0 -0.0732002 0 
208 21.0938 -3.66211 -60.3516 -85.5469 -14.6484 -24.9023 -19.7021 0 0 0 0 0 0.0732002 0 
209 21.0938 -3.66211 -60.3516 -85.5469 -14.6484 -24.8291 -19.7021 0 0 0 0 0 0 0 
210 21.0938 -3.66211 -60.3516 -85.5469 -14.6484 -24.8291 -19.7021 0 0 0 0 0 -0.0732002 0 
211 21.0938 -3.66211 -60.3516 -85.5469 -14.6484 -24.9023 -19.7021 0 0 0 0 0 0 0 
212 21.0938 -3.66211 -60.3516 -85.5469 -14.6484 -24.9023 -19.7021 0 0 0 0 0 0 0 
213 21.0938 -3.66211 -60.3516 -85.5469 -14.6484 -24.9023 -19.7021 0 0 0 0 0 0.0732002 0 
214 21.0938 -3.66211 -60.3516 -85.5469 -14.6484 -24.8291 -19.7021 0 0 0 0 0 0 0 
215 21.0938 -3.66211 -60.3516 -85.5469 -14.6484 -24.8291 -19.7021 0 0 0 0 0 -0.0732002 0 
216 21.0938 -3.66211 -60.3516 -85.5469 -14.6484 -24.9023 -19.7021 0 0 0 0 0 0.0732002 0 
217 21.0938 -3.66211 -60.3516 -85.5469 -14.6484 -24.8291 -19.7021 0 0 0 0 0 0 0 
218 21.0938 -3.66211 -60.3516 -85.5469 -14.6484 -24.8291 -19.7021 0 0 0 0 0 -0.0732002 0 
219 21.0938 -3.66211 -60.3516 -85.5469 -14.6484 -24.9023 -19.7021 0 0 0 0 0 0.0732002 0 
220 21.0938 -3.66211 -60.3516 -85.5469 -14.6484 -24.8291 -19.7021 0 0 0 0 0 0 0 
221 21.0938 -3.66211 -60.3516 -85.5469 -14.6484 -24.8291 -19.7021 0 0 0 0 0 -0.0732002 0 
222 21.0938 -3.66211 -60.3516 -85.5469 -14.6484 -24.9023 -19.7021 0 0 0 0 0 0 0 
223 21.0938 -3.66211 -60.3516 -85.5469 -14.6484 -24.9023 -19.7021 0 0 0 0 0 0.0732002 0 
224 21.0938 -3.66211 -60.3516 -85.5469 -14.6484 -24.8291 -19.7021 0 0 0 0 0 0 0.0732002 
225 21.0938 -3.66211 -60.3516 -85.5469 -14.6484 -24.8291 -19.6289 0 0 0 0 0 -0.0732002 -0.0732002 
226 21.0938 -3.66211 -60.3516 -85.5469 -14.6484 -24.9023 -19.7021 0 0 0 0 0 0 0 
227 21.0938 -3.66211 -60.3516 -85.5469 -14.6484 -24.9023 -19.7021 0 0 0 0 0 0 0 
228 21.0938 -3.66211 -60.3516 -85.5469 -14.6484 -24.9023 -19.7021 0 0 0 0 0 0.0732002 0 
229 21.0938 -3.66211 -60.3516 -85.5469 -14.6484 -24.8291 -19.7021 0 0 0 0 0 0 0 
230 21.0938 -3.66211 -60.3516 -85.5469 -14.6484 -24.8291 -19.7021 0 0 0 0 0 0 0 
231 21.0938 -3.66211 -60.3516 -85.5469 -14.6484 -24.8291 -19.7021 0 0 0 0 0 -0.0732002 0 
232 21.0938 -3.66211 -60.3516 -85.5469 -14.6484 -24.9023 -19.7021 0 0 0 0 0 0 0 
233 21.0938 -3.66211 -60.3516 -85.5469 -14.6484 -24.9023 -19.7021 0 0 0 0 0 0 0 
234 21.0938 -3.66211 -60.3516 -85.5469 -14.6484 -24.9023 -19.7021 0 0 0 0 0 0.0732002 0 
235 21.0938 -3.66211 -60.3516 -85.5469 -14.6484 -24.8291 -19.7021 0 0 0 0 0 0 0.0732002 
236 21.0938 -3.66211 -60.3516 -85.5469 -14.6484 -24.8291 -19.6289 0 0 0 0 0 0 -0.0732002 
237 21.0938 -3.66211 -60.3516 -85.5469 -14.6484 -24.8291 -19.7021 0 0 0 0 0 -0.0732002 0 
238 21.0938 -3.66211 -60.3516 -85.5469 -14.6484 -24.9023 -19.7021 0 0 0 0 0 0 0 
239 21.0938 -3.66211 -60.3516 -85.5469 -14.6484 -24.9023 -19.7021 0 0 0 0 0 0 0 
240 21.0938 -3.66211 -60.3516 -85.5469 -14.6484 -24.9023 -19.7021 0 0 0 0 0 0 0 
241 21.0938 -3.66211 -60.3516 -85.5469 -14.6484 -24.9023 -19.7021 0 0 0 0 0 0 0 
242 21.0938 -3.66211 -60.3516 -85.5469 -14.6484 -24.9023 -19.7021 0 0 0 0 0 0.0732002 0 
243 21.0938 -3.66211 -60.3516 -85.5469 -14.6484 -24.8291 -19.7021 0 0 0 0 0 -0.0732002 0 
244 21.0938 -3.66211 -60.3516 -85.5469 -14.6484 -24.9023 -19.7021 0 0 0 0 0 0 0 
245 21.0938 -3.66211 -60.3516 -85.5469 -14.6484 -24.9023 -19.7021 0 0 0 0 0 0.0732002 0 
246 21.0938 -3.66211 -60.3516 -85.5469 -14.6484 -24.8291 -19.7021 0 0 0 0 0 0 0 
247 21.0938 -3.66211 -60.3516 -85.5469 -14.6484 -24.8291 -19.7021 0 0 0 0 0 0 0 
248 21.0938 -3.66211 -60.3516 -85.5469 -14.6484 -24.8291 -19.7021 0 0 0 0 0 0 0 
249 21.0938 -3.66211 -60.3516 -85.5469 -14.6484 -24.8291 -19.7021 0 0 0 0 0 0 0 
