0 0 0 0 0 0 0 0 
1 -0.1465 0 0 0.585899 0.292999 0.0732994 -0.2197 
2 -0.0732002 0 0 0.292999 0.292999 0.0732002 -0.219799 
3 -0.0732002 0 0 0 0 0.146501 -0.1464 
4 0 0 0 0.292999 0 0.1465 -0.0733013 
5 0 0 0 0 0 0 -0.1465 
6 0 0 0 0 0 0.2197 -0.2197 
7 0 0 0 0 0 0.0733004 -0.0732002 
8 0 0 0 0 0 0.146399 -0.1465 
9 0 0 0 0 0 0.0733004 0 
10 0 0 0 0.2929 0 0 0 
11 0 0 0 0 0 0 0 
12 0 0 0 0 0 0 0 
13 0 0 0 0 0 0 -0.0732994 
14 0 0 0 0 0 0 -0.0732002 
15 -0.219801 0 -0.293 0 0 0 -0.2197 
16 -0.512699 -0.65918 -0.2929 0 0 0 -0.366199 
17 -0.512701 -1.90429 -0.292999 0 0 -0.0733004 -0.659201 
18 -0.512699 -2.19732 -0.878901 -0.2929 0.2929 -0.2929 -0.659201 
19 -0.585899 -3.0761 -0.585959 -0.292999 0.293003 -0.1465 -0.366199 
20 -0.439402 -2.7832 -0.292971 -0.292999 0.878899 -0.5127 -0.2197 
21 -0.659199 -2.8565 -0.29297 -0.585899 0.292999 -0.6592 -0.366301 
22 0 0 0 0 0 0 0 
23 -0.8057 -3.7353 0.29297 0 0.2929 -1.0254 -0.1464 
24 -0.512701 -3.0762 0.292971 0 0.586002 -1.3916 -0.219799 
25 -0.512699 -3.2959 1.17186 0 0.2929 -1.1719 -0.2197 
26 -0.585899 -2.5635 0.8789 0 0.585999 -1.0986 0 
27 -0.366201 -2.6367 0.878901 0.585899 1.4648 -0.585899 -0.0732002 
28 -0.366199 -2.8564 0.585999 0.292999 0.878902 -0.219801 0 
29 -0.219799 -1.9043 0.878901 0 0.878899 0 0 
30 -0.2929 -1.5381 0.2929 0.292999 0.586002 0 0 
31 -0.219801 -1.3916 0.585999 0.2929 0.878899 0 0 
32 -0.2197 -0.878902 0.5859 0.292999 0.2929 0 -0.0732994 
33 0 0 0 0 0 0 0 
34 -0.0732002 -0.805698 0 0.293003 0.292999 0 0 
35 0 -0.4394 0.293 0.585899 0 -0.0732002 0 
36 0 -0.439503 0.2929 0.292999 0 -0.292999 0 
37 0.0732002 -0.659199 0.292999 0 0 -0.2197 0 
38 1.1719 -0.659199 0.586 0 0 -0.512701 0 
39 1.7578 -0.805599 0.585899 0 0 -0.732399 0 
40 2.3437 -0.366203 0.585901 -0.585999 0.292999 -0.732401 0.292999 
41 2.1973 -0.219799 0.292999 -0.878902 0 -0.8057 0.366199 
42 3.1494 -0.2197 0.878901 -1.4648 0 -0.512699 0.366201 
43 2.8565 -0.0732002 0.585899 -0.585903 0 -0.4394 0.659199 
44 3.1494 -0.0732994 0.879 -2.0508 0 -0.1465 0.585901 
45 0 0 0 0 0 0 0 
46 3.7353 0 0.2929 -0.878902 0 -0.146502 0.878899 
47 3.2227 0 0.586 -1.7578 -0.292999 0.0732002 0.586 
48 4.1016 0 0.585899 -0.292999 -0.292999 -0.2197 0.585899 
49 3.0029 0 0.293001 -0.878899 -0.2929 -0.292999 0.293001 
50 2.5635 0 0.2929 -1.4649 -0.878899 -0.512701 0.366199 
51 2.7832 0 0.292999 -0.2929 -0.293003 -0.805599 0.292999 
52 3.1494 -0.0732002 0 -0.878899 -0.292999 -1.0254 0.2929 
53 2.0508 0 0 -0.586002 0 -0.8057 0.366201 
54 2.4902 -0.0732994 0 -0.2929 0 -0.4394 0.439499 
55 1.831 0 0 -1.1719 -0.2929 -0.439501 0.293001 
56 0 0 0 0 0 0 0 
57 1.8311 0 -0.292999 -0.586002 0 -0.0731983 0.2197 
58 1.9043 0 0 -0.878899 0 -0.0733013 0.1465 
59 1.1719 0 -0.2929 -0.878899 0 0 0 
60 0.952103 0 -0.293001 -0.2929 0 0.0733013 0 
61 0.366196 0 -0.292999 -0.292999 0 0 0 
62 0.0733032 0 -0.585899 0 0 0.1465 -0.0732994 
63 0 0 -0.293001 0 0 0.4394 0.0732994 
64 0 0 -0.2929 0 0 0.512699 0 
65 0 0.1465 -0.879 0.292999 0 0.659201 0 
66 0 0.659199 -1.1718 0.2929 0 1.0254 0 
67 0 0 0 0 0 0 0 
68 -0.0733032 0.805702 -1.4649 0.878899 0 0.878901 0 
69 -0.878899 1.3916 -1.7578 0.878899 0 1.0254 0 
70 -1.0254 1.6113 -1.4648 0.293003 0 1.1718 0 
71 -0.952103 2.417 -1.4649 1.4649 0 1.0254 0 
72 -1.1719 2.124 -1.7578 0.585903 -0.292999 1.3916 0 
73 -1.1719 2.5635 -1.46483 1.4648 -0.585899 1.0987 0.1465 
74 -1.6845 3.6621 -1.46485 1.7578 -0.292999 0.805599 0.2929 
75 -1.2451 3.0762 -0.8789 0.878998 -1.4648 1.0254 0.732401 
76 -1.2452 3.0762 -0.29297 2.6367 -0.878998 0.586 0.7325 
77 -1.4648 4.248 0 2.3437 -0.878902 0.585899 1.0986 
78 0 0 0 0 0 0 0 
79 -1.3184 3.2959 0 2.3438 -0.585899 0.439501 1.0254 
80 -1.7578 3.5889 0.29297 3.2226 -0.585899 0.146399 1.0986 
81 -1.4648 2.4902 0.58594 2.6368 -0.292999 0.146502 0.9522 
82 -1.5381 2.1973 0.29296 3.5156 0 0.0732994 0.659201 
83 -1.7578 2.70993 0 1.4648 0 0 0.2929 
84 -1.0987 1.68457 0 2.0508 -0.293003 -0.0732994 0.0732994 
85 -0.878899 1.3916 0 2.0508 0 0.0732994 0.0732002 
86 -0.732403 1.46484 0 0.878899 0 0.2197 0.0732994 
87 -0.4394 0.73242 0 0.292999 0 0.366199 0 
88 -0.1465 0.5127 0 0 0 0.293001 0 
89 0 0 0 0 0 0 0 
90 -0.439499 0.14648 0 0 0 0.512699 0 
91 -0.659199 0.0732501 0 -0.585999 0 0.366199 0 
92 -1.0253 0 0 -0.2929 0 0.3662 -0.1465 
93 -1.1719 0.14648 0 -0.585999 0 0.5127 -0.0732994 
94 -1.4649 0.14648 0.29297 -1.1719 0.293003 0.2197 -0.1465 
95 -2.124 0 0 -0.2929 0.292999 0.2197 -0.219702 
96 -2.1973 0 0 -0.292999 0.878899 0.146501 -0.0731983 
97 -2.2705 0 0.29297 0 0.2929 0 -0.146502 
98 -3.4423 0 0.292971 0 0.292999 0 -0.2197 
99 -2.8565 0 0.585939 0.585899 0.585903 0 -0.1465 
100 0 0 0 0 0 0 0 
101 -3.7353 0 0 0.586002 0.292999 0 -0.0732994 
102 -3.003 0 0.292971 1.7578 0.585999 -0.2929 0 
103 -3.1494 0 0.585959 0.878902 0.2929 -0.2198 0 
104 -3.3691 0 0.2929 1.4648 0.585999 -0.5859 -0.0732002 
105 -2.2705 -0.21972 0.879 0.586 0.2929 -0.3662 0 
106 -1.8311 -0.73242 0 0.2929 0 -0.292999 0 
107 -1.7578 -0.36621 0 0.292999 0.586002 -0.2197 0 
108 -0.952149 -0.29297 0.2929 0 0 -0.1465 -0.0732994 
109 -0.659181 -0.43946 0.293 -0.292999 0.2929 0 -0.1464 
110 -0.14648 -0.14648 0 -0.2929 0 0 -0.1465 
111 0 0 0 0 0 0 0 
112 0 -0.14649 -0.293 -0.292999 0 0 -0.293001 
113 -0.0732403 -0.0732398 0 0 0 0 -0.366199 
114 -0.0732498 0 0 -0.293001 0 0 -0.366199 
115 0 0 0 0 0 0 -0.2197 
116 0 0 -0.2929 0 0 0 -0.146502 
117 0 0 0 0 0 0 -0.1465 
118 0 0 0 0 0 0 0 
119 0 0 -0.585999 0 0 0 0 
120 0.21973 0 -0.5859 0 0 0 0 
121 0.439449 0 -0.585959 -0.2929 0 0 -0.0732002 
122 0 0 0 0 0 0 0 
123 0.51272 0 -1.17188 -0.292999 0 -0.2197 0.0732002 
124 0.5859 0 -1.17187 -0.292999 0 -0.219801 0 
125 0.6592 0 -1.17188 -1.1718 0.292999 -0.2197 -0.0732002 
126 0.878901 0 -2.34375 -1.1719 0 -0.292999 0 
127 1.0254 0 -2.34375 -1.1719 0.292999 -0.2929 0 
128 0.8789 0.14649 -2.63672 -1.4648 0.585899 -0.366201 0 
129 1.2451 0.21972 -3.51562 -1.7579 0.878902 -0.219799 0 
130 0.9522 0.0732498 -3.51563 -0.878899 0.585899 -0.0732002 0 
131 0.878901 0.0732403 -4.39454 -2.0507 1.1719 0 0 
132 1.0986 0 -3.8086 -1.7578 0.878902 0 0 
133 0 0 0 0 0 0 0 
134 0.805698 0 -3.5156 -1.7579 1.7578 0 0 
135 0.585901 0 -5.5664 -2.6367 2.0508 0 0 
136 0.8057 0 -4.3945 -2.0508 1.4649 0 0 
137 0.512699 0 -4.9805 -2.0507 2.9297 0 0 
138 0.2197 0 -4.6875 -2.9297 1.7578 0 0 
139 0.2197 -0.43946 -4.1016 -2.0508 2.0508 0 0 
140 0.0732994 -0.51269 -3.2226 -2.9297 2.6367 0 0 
141 0.1464 -0.43945 -4.1016 -2.0508 1.7578 0 0 
142 0 -0.36621 -2.9297 -2.9297 2.3437 0 0 
143 0 -0.43946 -2.9297 -2.0508 1.1719 0 0 
144 0 0 0 0 0 0 0 
145 0.0733013 -0.43945 -2.0508 -2.3437 1.1719 -0.1465 0 
146 0 -0.36621 -1.7578 -2.3437 1.4648 -0.0732002 0 
147 0 -0.36621 -2.3437 -2.3438 0.585999 0 0 
148 0 -0.21973 -1.1719 -1.7578 0 0 0 
149 0 -0.219729 -1.1719 -1.7578 0 0 0 
150 0.0731983 -0.0732403 -0.878899 -1.4649 0 -0.0732994 0 
151 0 0 -0.2929 -0.878899 0 -0.2197 0 
152 0 0 -1.1719 -1.1718 0 -0.366201 0 
153 0 0 0 -0.879005 0 -0.8057 0 
154 0 0 0 -0.878899 0 -0.878899 0 
155 0 0 0 0 0 0 0 
156 0 0 0 -0.2929 0 -1.0254 0 
157 0 0 0.585899 -0.292999 0 -1.2451 0 
158 0 0 0.585999 -1.1719 0 -0.659201 0 
159 0 0 0.2929 0 0 -0.512699 0 
160 0 0.0732403 0.292999 -0.585899 0 -0.1464 0 
161 0 0.95215 0.585899 -0.586006 0 0.0732002 0 
162 0 0.43946 0.878899 -0.585899 0 0 0 
163 0 0.51269 0.879002 -0.292999 0 -0.0732002 0 
164 0 0.65918 0.878899 -0.2929 0 0.0732002 0 
165 0 0.36621 0.585903 -0.585999 0 0 0 
166 0 0 0 0 0 0 0 
167 0 0.43945 0.878899 -0.585899 0 -0.0732002 0 
168 0 0.36622 0.292999 -0.292999 0 0.0732002 0 
169 0 0.36621 0.2929 0 0 0 0 
170 -0.1465 0.36621 0.878902 0 0 -0.0732002 0 
171 -0.1464 0.21972 0.292999 0 0 0.0732002 0 
172 -0.0732994 0.0732501 0.292999 0 0 -0.0732002 0 
173 -0.1465 0 0 0 0 0 0 
174 -0.1464 0 0 0 0 0 0 
175 0 0 0 0.292999 0 0 0 
176 0 0 -0.292999 0.292999 0 0.0732002 0 
177 0 0 0 0 0 0 0 
178 0 0 0 0.2929 0 -0.0732002 0.0732002 
179 0 0 -0.292999 0.585999 0 0.0732002 -0.0732002 
180 0 0 -0.2929 0.2929 0 -0.0732002 0 
181 0 0 0 0.292999 0 0.0732002 0 
182 0 0 0 0.585899 0 0 0 
183 0 0 -0.586002 0.586006 0 -0.0732002 0 
184 0 0 0 0.292999 0 0.0732002 0 
185 0 0 0 0.2929 0 -0.0732002 0 
186 0 0 0 0 0 0 0 
187 0 0 0 0 0 0 0 
188 0 0 0 0 0 0.0732002 0 
189 0 0 0 0 0 0 0 
190 0 0 0 0 0 0 0 
191 0 0 0 0 0 -0.0732002 0 
192 0 0 0 0 0 0.0732002 0 
193 0 0 0 0 0 -0.0732002 0 
194 0 0 0 0 0 0.0732002 0 
195 0 0 0 0 0 -0.0732002 0 
196 0 0 0 0 0 0 0 
197 0 0 0 0 0 0.0732002 0 
198 0 0.07324 0 0 0 0 0 
199 0 0.0732398 0 0 0 0 0 
200 0 0 0 0 0 0 0 
201 0 0 0 0 0 0 0 
202 0 0 0 0 0 0 0 
203 0 0 0 0 0 -0.0732002 0 
204 0 0 0 0 0 0 0 
205 0 0 0 0 0 0.0732002 0 
206 0 0 0 0 0 0 0 
207 0 0 0 0 0 -0.0732002 0 
208 0 0 0 0 0 0.0732002 0 
209 0 0 0 0 0 0 0 
210 0 0 0 0 0 -0.0732002 0 
211 0 0 0 0 0 0 0 
212 0 0 0 0 0 0 0 
213 0 0 0 0 0 0.0732002 0 
214 0 0 0 0 0 0 0 
215 0 0 0 0 0 -0.0732002 0 
216 0 0 0 0 0 0.0732002 0 
217 0 0 0 0 0 0 0 
218 0 0 0 0 0 -0.0732002 0 
219 0 0 0 0 0 0.0732002 0 
220 0 0 0 0 0 0 0 
221 0 0 0 0 0 -0.0732002 0 
222 0 0 0 0 0 0 0 
223 0 0 0 0 0 0.0732002 0 
224 0 0 0 0 0 0 0.0732002 
225 0 0 0 0 0 -0.0732002 -0.0732002 
226 0 0 0 0 0 0 0 
227 0 0 0 0 0 0 0 
228 0 0 0 0 0 0.0732002 0 
229 0 0 0 0 0 0 0 
230 0 0 0 0 0 0 0 
231 0 0 0 0 0 -0.0732002 0 
232 0 0 0 0 0 0 0 
233 0 0 0 0 0 0 0 
234 0 0 0 0 0 0.0732002 0 
235 0 0 0 0 0 0 0.0732002 
236 0 0 0 0 0 0 -0.0732002 
237 0 0 0 0 0 -0.0732002 0 
238 0 0 0 0 0 0 0 
239 0 0 0 0 0 0 0 
240 0 0 0 0 0 0 0 
241 0 0 0 0 0 0 0 
242 0 0 0 0 0 0.0732002 0 
243 0 0 0 0 0 -0.0732002 0 
244 0 0 0 0 0 0 0 
245 0 0 0 0 0 0.0732002 0 
246 0 0 0 0 0 0 0 
247 0 0 0 0 0 0 0 
248 0 0 0 0 0 0 0 
249 0 0 0 0 0 0 0 
