0 4.24805 -2.34375 -53.9062 -19.043 -10.8398 -21.0205 -27.3193 0.0732398 0 0 0 0 0 -0.0732994 
1 4.32129 -2.34375 -53.9062 -19.043 -10.8398 -21.0205 -27.3926 0.14648 0 0 0 0 0 0.0732994 
2 4.46777 -2.34375 -53.9062 -19.043 -10.8398 -21.0205 -27.3193 0.0732498 0 0 0 0 -0.0732994 0 
3 4.54102 -2.34375 -53.9062 -19.043 -10.8398 -21.0938 -27.3193 0.21972 0 0 0 0 -0.0732002 -0.0732994 
4 4.76074 -2.34375 -53.9062 -19.043 -10.8398 -21.167 -27.3926 0.14649 0 -0.585999 0 0 -0.0732002 0 
5 4.90723 -2.34375 -54.4922 -19.043 -10.8398 -21.2402 -27.3926 0.0732403 0 0 0 0 -0.0732994 0 
6 4.98047 -2.34375 -54.4922 -19.043 -10.8398 -21.3135 -27.3926 0.14648 0 -0.292999 0 0 0 0 
7 5.12695 -2.34375 -54.7852 -19.043 -10.8398 -21.3135 -27.3926 0.0732503 0 0 0 0 0 0.0732994 
8 5.2002 -2.34375 -54.7852 -19.043 -10.8398 -21.3135 -27.3193 0 0 0 0 0 0 0 
9 5.2002 -2.34375 -54.7852 -19.043 -10.8398 -21.3135 -27.3193 0.14648 0 -0.2929 0 0 0 -0.0732994 
10 5.34668 -2.34375 -55.0781 -19.043 -10.8398 -21.3135 -27.3926 0 0 0 0 0 0 0 
11 5.34668 -2.34375 -55.0781 -19.043 -10.8398 -21.3135 -27.3926 0 0 -0.293003 0 0 0 0 
12 5.34668 -2.34375 -55.3711 -19.043 -10.8398 -21.3135 -27.3926 0 0 -0.292999 0 0 0 0 
13 5.34668 -2.34375 -55.6641 -19.043 -10.8398 -21.3135 -27.3926 0 -0.14648 0 0 0 -0.0732002 0 
14 5.34668 -2.49023 -55.6641 -19.043 -10.8398 -21.3867 -27.3926 0 -1.24512 -0.585899 0 0 -0.0732994 0 
15 5.34668 -3.73535 -56.25 -19.043 -10.8398 -21.46 -27.3926 0 -1.3916 0 0 0 -0.0732002 0 
16 5.34668 -5.12695 -56.25 -19.043 -10.8398 -21.5332 -27.3926 0 -1.3916 0 -0.585901 0 -0.146502 0 
17 5.34668 -6.51855 -56.25 -19.6289 -10.8398 -21.6797 -27.3926 0 -2.19727 -0.292999 -0.878899 0 -0.2197 0 
18 5.34668 -8.71582 -56.543 -20.5078 -10.8398 -21.8994 -27.3926 0 -2.49028 0 -1.4649 0 -0.366199 0 
19 5.34668 -11.2061 -56.543 -21.9727 -10.8398 -22.2656 -27.3926 0 0 0 0 0 0 0 
20 5.34668 -11.2061 -56.543 -21.9727 -10.8398 -22.2656 -27.3926 0 -2.5634 0 -1.4648 0 -0.292999 0 
21 5.34668 -13.7695 -56.543 -23.4375 -10.8398 -22.5586 -27.3926 0 -3.4424 0 -1.7578 0 -0.366201 0.0732994 
22 5.34668 -17.2119 -56.543 -25.1953 -10.8398 -22.9248 -27.3193 0 -2.8565 0 -1.7578 0 -0.439499 0 
23 5.34668 -20.0684 -56.543 -26.9531 -10.8398 -23.3643 -27.3193 0 -3.6621 0 -1.4649 0 -0.4394 0.1464 
24 5.34668 -23.7305 -56.543 -28.418 -10.8398 -23.8037 -27.1729 -0.14648 -2.8564 0.292999 -1.4648 0 -0.366201 0.292999 
25 5.2002 -26.5869 -56.25 -29.8828 -10.8398 -24.1699 -26.8799 0 -2.4902 0.292999 -1.4649 0 -0.366199 0.292999 
26 5.2002 -29.0771 -55.957 -31.3477 -10.8398 -24.5361 -26.5869 0 -3.003 0.2929 -0.585899 0 -0.0732994 0.585901 
27 5.2002 -32.0801 -55.6641 -31.9336 -10.8398 -24.6094 -26.001 0 -2.4902 0.292999 -0.878901 0 -0.0732002 0.878899 
28 5.2002 -34.5703 -55.3711 -32.8125 -10.8398 -24.6826 -25.1221 0 -2.2705 0.585903 -0.292999 0 -0.0732994 0.8057 
29 5.2002 -36.8408 -54.7852 -33.1055 -10.8398 -24.7559 -24.3164 0 -2.7832 1.1719 0 0 -0.0732002 0.732401 
30 5.2002 -39.624 -53.6133 -33.1055 -10.8398 -24.8291 -23.584 0 0 0 0 0 0 0 
31 5.2002 -39.624 -53.6133 -33.1055 -10.8398 -24.8291 -23.584 0 -1.7578 0.878899 0 0 0 0.8057 
32 5.2002 -41.3818 -52.7344 -33.1055 -10.8398 -24.8291 -22.7783 0 -1.7578 0.586002 -0.585899 0 0 0.512699 
33 5.2002 -43.1396 -52.1484 -33.6914 -10.8398 -24.8291 -22.2656 0 -1.3916 1.1718 0 0 0 0.512701 
34 5.2002 -44.5312 -50.9766 -33.6914 -10.8398 -24.8291 -21.7529 0.0732398 -1.1719 0.586002 0 0 0 0.366199 
35 5.27344 -45.7031 -50.3906 -33.6914 -10.8398 -24.8291 -21.3867 0.36621 -1.0254 0.2929 -0.585903 0 0 0.366199 
36 5.63965 -46.7285 -50.0977 -34.2773 -10.8398 -24.8291 -21.0205 0.29297 -0.805698 0.292999 0 0 0 0.4394 
37 5.93262 -47.5342 -49.8047 -34.2773 -10.8398 -24.8291 -20.5811 0.43945 -0.585899 0.585899 0 0 0 0.1465 
38 6.37207 -48.1201 -49.2188 -34.2773 -10.8398 -24.8291 -20.4346 0.65918 -0.293003 0 -0.292999 0 0 0.219801 
39 7.03125 -48.4131 -49.2188 -34.5703 -10.8398 -24.8291 -20.2148 0.65918 -0.366199 0.292999 0 0 0 0.1464 
40 7.69043 -48.7793 -48.9258 -34.5703 -10.8398 -24.8291 -20.0684 0.80566 -0.439499 0 0 0 0 0.366299 
41 8.49609 -49.2188 -48.9258 -34.5703 -10.8398 -24.8291 -19.7021 0 0 0 0 0 0 0 
42 8.49609 -49.2188 -48.9258 -34.5703 -10.8398 -24.8291 -19.7021 1.46485 -0.2929 0 0 0 0 0.732401 
43 9.96094 -49.5117 -48.9258 -34.5703 -10.8398 -24.8291 -18.9697 1.39156 -0.292999 0.878899 0 0 0 0.952101 
44 11.3525 -49.8047 -48.0469 -34.5703 -10.8398 -24.8291 -18.0176 1.9776 -0.366199 0 0 0 0 1.1719 
45 13.3301 -50.1709 -48.0469 -34.5703 -10.8398 -24.8291 -16.8457 1.6845 -0.2197 0.293003 0 0 0.0732002 1.7578 
46 15.0146 -50.3906 -47.7539 -34.5703 -10.8398 -24.7559 -15.0879 1.9043 -0.219803 0 -0.292999 0 0 1.4649 
47 16.9189 -50.6104 -47.7539 -34.8633 -10.8398 -24.7559 -13.623 2.71 -0.1464 0.292999 0 0 0 1.6845 
48 19.6289 -50.7568 -47.4609 -34.8633 -10.8398 -24.7559 -11.9385 2.124 0 0.2929 0 0 0 1.1719 
49 21.7529 -50.7568 -47.168 -34.8633 -10.8398 -24.7559 -10.7666 2.3438 0 0.292999 0 0 0 1.09863 
50 24.0967 -50.7568 -46.875 -34.8633 -10.8398 -24.7559 -9.66797 2.9297 0 0.585899 0 -0.293 0.0732994 1.24512 
51 27.0264 -50.7568 -46.2891 -34.8633 -11.1328 -24.6826 -8.42285 2.417 0 0.292999 -0.2929 0 0.0732002 0.8789 
52 29.4434 -50.7568 -45.9961 -35.1562 -11.1328 -24.6094 -7.54395 0 0 0 0 0 0 0 
53 29.4434 -50.7568 -45.9961 -35.1562 -11.1328 -24.6094 -7.54395 3.1494 0 0.293003 0 -0.293 0.0732994 0.95215 
54 32.5928 -50.7568 -45.7031 -35.1562 -11.4258 -24.5361 -6.5918 2.2705 0 0.585899 0 -0.8789 0.2197 1.17188 
55 34.8633 -50.7568 -45.1172 -35.1562 -12.3047 -24.3164 -5.41992 2.1972 0 0.292999 0 -1.1719 0.293001 0.8789 
56 37.0605 -50.7568 -44.8242 -35.1562 -13.4766 -24.0234 -4.54102 2.7833 0.0732002 0.292999 -0.292999 -0.5859 0.4394 0.95215 
57 39.8438 -50.6836 -44.5312 -35.4492 -14.0625 -23.584 -3.58887 2.1972 0.366199 0.585899 -0.292999 -1.1719 0.878901 0.65918 
58 42.041 -50.3174 -43.9453 -35.7422 -15.2344 -22.7051 -2.92969 2.71 0.219704 0.878902 -0.878902 -0.878901 0.805698 0.58594 
59 44.751 -50.0977 -43.0664 -36.6211 -16.1133 -21.8994 -2.34375 1.6845 0.219799 0.292999 -0.585899 -1.1719 1.0254 0.58594 
60 46.4355 -49.8779 -42.7734 -37.207 -17.2852 -20.874 -1.75781 1.4649 0.2929 1.1718 -0.585999 -1.1718 0.732401 0.36621 
61 47.9004 -49.585 -41.6016 -37.793 -18.457 -20.1416 -1.3916 1.9043 0.366199 0.878902 -0.2929 -1.1719 0.512699 0.21972 
62 49.8047 -49.2188 -40.7227 -38.0859 -19.6289 -19.6289 -1.17188 1.0986 0.366299 0.585999 -0.878902 -1.4649 0.585901 0 
63 50.9033 -48.8525 -40.1367 -38.9648 -21.0938 -19.043 -1.17188 0 0 0 0 0 0 0 
64 50.9033 -48.8525 -40.1367 -38.9648 -21.0938 -19.043 -1.17188 1.0254 0.585899 1.1719 -0.585999 -1.1718 0.366199 0 
65 51.9287 -48.2666 -38.9648 -39.5508 -22.2656 -18.6768 -1.17188 0.805702 0.659203 0.585903 -0.292999 -0.878901 0.659201 0 
66 52.7344 -47.6074 -38.3789 -39.8438 -23.1445 -18.0176 -1.17188 0.659199 0.878899 0.878899 -0.2929 -0.878899 0.512699 0 
67 53.3936 -46.7285 -37.5 -40.1367 -24.0234 -17.5049 -1.17188 0.4394 1.0986 0.585899 0 -0.586 0.732401 0 
68 53.833 -45.6299 -36.9141 -40.1367 -24.6094 -16.7725 -1.17188 0.292999 0.952202 0.586002 0 0 1.0987 0 
69 54.126 -44.6777 -36.3281 -40.1367 -24.6094 -15.6738 -1.17188 0.0732002 1.4648 0 -0.292999 0 0.878901 0 
70 54.1992 -43.2129 -36.3281 -40.4297 -24.6094 -14.7949 -1.17188 0.0732994 1.3184 0.585899 0 -0.2929 0.8056 0 
71 54.2725 -41.8945 -35.7422 -40.4297 -24.9023 -13.9893 -1.17188 0.0732002 1.5381 0 0 0 0.9522 0 
72 54.3457 -40.3564 -35.7422 -40.4297 -24.9023 -13.0371 -1.17188 0 2.124 0.292999 0 0 0.8057 0 
73 54.3457 -38.2324 -35.4492 -40.4297 -24.9023 -12.2314 -1.17188 0 1.9043 0.292999 0 -0.292999 0.9521 0 
74 54.3457 -36.3281 -35.1562 -40.4297 -25.1953 -11.2793 -1.17188 0 0 0 0 0 1.31836 0 
75 54.3457 -36.3281 -35.1562 -40.4297 -25.1953 -9.96094 -1.17188 0 2.417 -0.292999 0 0 0 0 
76 54.3457 -33.9111 -35.4492 -40.4297 -25.1953 -9.96094 -1.17188 0 2.7099 -0.292999 0.292999 -0.585901 0.95215 0 
77 54.3457 -31.2012 -35.7422 -40.1367 -25.7812 -9.00879 -1.17188 0 2.3438 0 0 -0.292999 1.17188 0 
78 54.3457 -28.8574 -35.7422 -40.1367 -26.0742 -7.83691 -1.17188 0 3.3691 0 0.2929 -0.878901 0.65918 0 
79 54.3457 -25.4883 -35.7422 -39.8438 -26.9531 -7.17773 -1.17188 0 2.6367 0 0 -1.1719 0.8789 -0.07324 
80 54.3457 -22.8516 -35.7422 -39.8438 -28.125 -6.29883 -1.24512 0 2.5635 0 0.878998 -1.4648 0.43945 0 
81 54.3457 -20.2881 -35.7422 -38.9648 -29.5898 -5.85938 -1.24512 0 3.4424 0 1.1718 -1.1719 0.14649 0 
82 54.3457 -16.8457 -35.7422 -37.793 -30.7617 -5.71289 -1.24512 0 2.4902 0.292999 0.878899 -1.4649 0.14648 0 
83 54.3457 -14.3555 -35.4492 -36.9141 -32.2266 -5.56641 -1.24512 0 2.417 0 1.7579 -0.878899 0 0 
84 54.3457 -11.9385 -35.4492 -35.1562 -33.1055 -5.56641 -1.24512 0 3.0762 0 1.1718 -0.878902 0 0 
85 54.3457 -8.8623 -35.4492 -33.9844 -33.9844 -5.56641 -1.24512 0 2.05078 -0.292999 1.4649 -0.878899 0 -0.0732399 
86 54.3457 -6.81152 -35.7422 -32.5195 -34.8633 -5.56641 -1.31836 0 0 0 0 0 0 0 
87 54.3457 -6.81152 -35.7422 -32.5195 -34.8633 -5.56641 -1.31836 -0.1465 2.2705 0 0.878901 -0.585899 0.0732503 0 
88 54.1992 -4.54102 -35.7422 -31.6406 -35.4492 -5.49316 -1.31836 -0.2197 1.83106 0 1.4648 -0.292999 0.14648 -0.07324 
89 53.9795 -2.70996 -35.7422 -30.1758 -35.7422 -5.34668 -1.3916 -0.366199 1.61133 0 1.1719 -0.292999 0.0732403 -0.21973 
90 53.6133 -1.09863 -35.7422 -29.0039 -36.0352 -5.27344 -1.61133 -0.439499 1.53808 0 0.585901 0 0 -0.36621 
91 53.1738 0.439453 -35.7422 -28.418 -36.0352 -5.27344 -1.97754 -0.2197 0.878907 0 0 0 0 -0.80566 
92 52.9541 1.31836 -35.7422 -28.418 -36.0352 -5.27344 -2.7832 -0.2197 0.36621 -0.292999 0 0 0 -0.65918 
93 52.7344 1.68457 -36.0352 -28.418 -36.0352 -5.27344 -3.44238 -0.512703 0 0 0 0 0 -1.02539 
94 52.2217 1.68457 -36.0352 -28.418 -36.0352 -5.27344 -4.46777 -0.585999 0 0 -0.878901 0 0 -0.80567 
95 51.6357 1.68457 -36.0352 -29.2969 -36.0352 -5.27344 -5.27344 -0.878899 -0.58594 0 -0.878901 0 0 -1.02539 
96 50.7568 1.09863 -36.0352 -30.1758 -36.0352 -5.27344 -6.29883 0 0 0 0 0 0 0 
97 50.7568 1.09863 -36.0352 -30.1758 -36.0352 -5.27344 -6.29883 -1.0254 -0.512692 0 -1.4648 0.292999 0.0732398 -1.31836 
98 49.7314 0.585938 -36.0352 -31.6406 -35.7422 -5.2002 -7.61719 -1.2451 -0.512696 0 -1.1719 0.292999 0 -1.31836 
99 48.4863 0.0732422 -36.0352 -32.8125 -35.4492 -5.2002 -8.93555 -1.7578 -1.09863 0 -1.1719 0.292999 0 -1.68455 
100 46.7285 -1.02539 -36.0352 -33.9844 -35.1562 -5.2002 -10.6201 -2.0508 -0.73242 0 -0.878899 1.1718 0.14649 -1.3184 
101 44.6777 -1.75781 -36.0352 -34.8633 -33.9844 -5.05371 -11.9385 -2.3437 -0.65918 0 -0.878899 0.586002 0 -1.2451 
102 42.334 -2.41699 -36.0352 -35.7422 -33.3984 -5.05371 -13.1836 -3.0029 -0.43946 0 -0.585899 0.878899 0 -1.3184 
103 39.3311 -2.85645 -36.0352 -36.3281 -32.5195 -5.05371 -14.502 -2.417 -0.29296 0 -0.293003 1.7578 0 -0.9521 
104 36.9141 -3.14941 -36.0352 -36.6211 -30.7617 -5.05371 -15.4541 -2.417 -0.43946 0 -0.292999 1.1719 0 -0.878901 
105 34.4971 -3.58887 -36.0352 -36.9141 -29.5898 -5.05371 -16.333 -3.2959 -0.29297 0 0 1.1718 0 -0.659201 
106 31.2012 -3.88184 -36.0352 -36.9141 -28.418 -5.05371 -16.9922 -2.6367 -0.14648 0 0 1.4649 0 -0.732399 
107 28.5645 -4.02832 -36.0352 -36.9141 -26.9531 -5.05371 -17.7246 -3.3692 -0.21973 0 0 1.1719 0 -0.732401 
108 25.1953 -4.24805 -36.0352 -36.9141 -25.7812 -5.05371 -18.457 0 0 0 0 0 0 0 
109 25.1953 -4.24805 -36.0352 -36.9141 -25.7812 -5.05371 -18.457 -2.6367 -0.21972 -0.2929 0.292999 1.4648 0 -0.9522 
110 22.5586 -4.46777 -36.3281 -36.6211 -24.3164 -5.05371 -19.4092 -3.0762 -0.14649 -0.586002 0.878902 1.1719 -0.14649 -0.805599 
111 19.4824 -4.61426 -36.9141 -35.7422 -23.1445 -5.2002 -20.2148 -2.417 -0.0732398 -0.2929 0.585999 1.1718 -0.0732398 -1.0254 
112 17.0654 -4.6875 -37.207 -35.1562 -21.9727 -5.27344 -21.2402 -2.3437 -0.21973 -0.292999 0.585899 2.0508 -0.14648 -0.7325 
113 14.7217 -4.90723 -37.5 -34.5703 -19.9219 -5.41992 -21.9727 -2.3438 -0.14648 -0.878899 0.292999 1.4649 -0.14649 -0.585899 
114 12.3779 -5.05371 -38.3789 -34.2773 -18.457 -5.56641 -22.5586 -1.7578 -0.0732398 -0.585903 0.2929 1.1718 -0.21972 -0.585901 
115 10.6201 -5.12695 -38.9648 -33.9844 -17.2852 -5.78613 -23.1445 -1.31834 -0.29297 -1.1719 0 2.0508 0 -0.292999 
116 9.30176 -5.41992 -40.1367 -33.9844 -15.2344 -5.78613 -23.4375 -1.24512 -0.29297 -0.878899 0 1.1719 -0.0732498 -0.2197 
117 8.05664 -5.71289 -41.0156 -33.9844 -14.0625 -5.85938 -23.6572 -0.80566 -0.21973 -0.878902 0 2.0508 0 -0.1465 
118 7.25098 -5.93262 -41.8945 -33.9844 -12.0117 -5.85938 -23.8037 -0.5127 -0.21972 -1.4649 -0.2929 1.1719 0 -0.0733013 
119 6.73828 -6.15234 -43.3594 -34.2773 -10.8398 -5.85938 -23.877 0 0 0 0 0 0 0 
120 6.73828 -6.15234 -43.3594 -34.2773 -10.8398 -5.85938 -23.877 -0.51269 -0.0732503 -0.585899 -0.585999 0.87886 0 0.0733013 
121 6.22559 -6.22559 -43.9453 -34.8633 -9.96094 -5.85938 -23.8037 -0.0732503 -0.21972 -0.878899 -0.585899 1.46485 0 0 
122 6.15234 -6.44531 -44.8242 -35.4492 -8.49609 -5.85938 -23.8037 0 -0.14649 -1.4649 -1.1719 0.58593 0 0 
123 6.15234 -6.5918 -46.2891 -36.6211 -7.91016 -5.85938 -23.8037 0 -0.14648 -0.878899 -0.585899 0.58594 0 0 
124 6.15234 -6.73828 -47.168 -37.207 -7.32422 -5.85938 -23.8037 0 -0.21973 -1.4648 -1.1719 0.58594 0.0732498 0 
125 6.15234 -6.95801 -48.6328 -38.3789 -6.73828 -5.78613 -23.8037 0 -0.36621 -1.1719 -1.4649 0.29297 -0.0732498 0 
126 6.15234 -7.32422 -49.8047 -39.8438 -6.44531 -5.85938 -23.8037 0.5127 -0.21973 -0.878902 -1.7578 0.29297 0 -0.0733013 
127 6.66504 -7.54395 -50.6836 -41.6016 -6.15234 -5.85938 -23.877 0.73242 -0.29296 -1.4648 -1.4648 0 0 0 
128 7.39746 -7.83691 -52.1484 -43.0664 -6.15234 -5.85938 -23.877 0.73242 -0.43946 -1.1719 -1.7578 0 0 0.0733013 
129 8.12988 -8.27637 -53.3203 -44.8242 -6.15234 -5.85938 -23.8037 0.73242 -0.21972 -1.4649 -2.6367 0 0 -0.0733013 
130 8.8623 -8.49609 -54.7852 -47.4609 -6.15234 -5.85938 -23.877 0 0 0 0 0 0 0 
131 8.8623 -8.49609 -54.7852 -47.4609 -6.15234 -5.85938 -23.877 1.09864 -0.36621 -1.1718 -2.0508 0 0 0.0733013 
132 9.96094 -8.8623 -55.957 -49.5117 -6.15234 -5.85938 -23.8037 0.73246 -0.36622 -0.878899 -1.7578 0 0 0 
133 10.6934 -9.22852 -56.8359 -51.2695 -6.15234 -5.85938 -23.8037 0.805599 -0.0732393 -1.4649 -2.9297 0 0 0 
134 11.499 -9.30176 -58.3008 -54.1992 -6.15234 -5.85938 -23.8037 0.9522 -0.21972 -0.878899 -2.3438 0 0 0 
135 12.4512 -9.52148 -59.1797 -56.543 -6.15234 -5.85938 -23.8037 0.8056 -0.292971 -0.585899 -2.0508 0 0 0 
136 13.2568 -9.81445 -59.7656 -58.5938 -6.15234 -5.85938 -23.8037 0.9522 -0.29295 -1.1719 -3.2226 0 -0.0732403 0 
137 14.209 -10.1074 -60.9375 -61.8164 -6.15234 -5.93262 -23.8037 0.8056 -0.2197 -0.585899 -2.0508 0 -0.21972 0 
138 15.0146 -10.3271 -61.5234 -63.8672 -6.15234 -6.15234 -23.8037 0.879001 -0.293 -0.878902 -2.6367 0 -0.21973 0 
139 15.8936 -10.6201 -62.4023 -66.5039 -6.15234 -6.37207 -23.8037 1.0986 -0.4395 -0.878899 -2.0508 0 -0.29297 0 
140 16.9922 -11.0596 -63.2812 -68.5547 -6.15234 -6.66504 -23.8037 0.878899 -0.3662 -0.879002 -2.6367 0 -0.58594 0 
141 17.8711 -11.4258 -64.1602 -71.1914 -6.15234 -7.25098 -23.8037 0 0 0 0 0 0 0 
142 17.8711 -11.4258 -64.1602 -71.1914 -6.15234 -7.25098 -23.8037 0.952101 -0.4394 -0.878899 -2.3438 0 -0.51269 0 
143 18.8232 -11.8652 -65.0391 -73.5352 -6.15234 -7.76367 -23.8037 1.2452 -0.2198 -0.585899 -2.3437 0 -0.80567 0 
144 20.0684 -12.085 -65.625 -75.8789 -6.15234 -8.56934 -23.8037 0.952101 -0.146399 -0.585899 -2.6367 0 -0.80566 0 
145 21.0205 -12.2314 -66.2109 -78.5156 -6.15234 -9.375 -23.8037 1.3184 -0.0733004 -0.292999 -2.0508 0 -0.8789 0 
146 22.3389 -12.3047 -66.5039 -80.5664 -6.15234 -10.2539 -23.8037 1.0254 0 -0.292999 -1.1719 0 -1.2451 0 
147 23.3643 -12.3047 -66.7969 -81.7383 -6.15234 -11.499 -23.8037 1.0986 0 -0.585899 -2.0508 0 -0.878901 0 
148 24.4629 -12.3047 -67.3828 -83.7891 -6.15234 -12.3779 -23.8037 1.4648 0 0.585899 -0.878899 0 -1.0254 0 
149 25.9277 -12.3047 -66.7969 -84.668 -6.15234 -13.4033 -23.8037 1.0987 0 0 -1.4648 0 -1.3916 0.0732002 
150 27.0264 -12.3047 -66.7969 -86.1328 -6.15234 -14.7949 -23.7305 1.2451 0 0 -1.17191 0 -1.2451 0 
151 28.2715 -12.3047 -66.7969 -87.3047 -6.15234 -16.04 -23.7305 0.952101 0 0 -0.292999 0 -1.6846 -0.0732002 
152 29.2236 -12.3047 -66.7969 -87.5977 -6.15234 -17.7246 -23.8037 0 0 0 0 0 0 0 
153 29.2236 -12.3047 -66.7969 -87.5977 -6.15234 -17.7246 -23.8037 0.9522 0 0.292999 -0.2929 0 -1.3184 0.0732002 
154 30.1758 -12.3047 -66.5039 -87.8906 -6.15234 -19.043 -23.7305 1.0986 0 0 -0.878899 0 -1.1718 0 
155 31.2744 -12.3047 -66.5039 -88.7695 -6.15234 -20.2148 -23.7305 0.878901 0.2197 0.292999 -0.292999 0 -1.0987 0 
156 32.1533 -12.085 -66.2109 -89.0625 -6.15234 -21.3135 -23.7305 0.805698 0.4395 0.2929 -0.878899 0 -0.585901 0 
157 32.959 -11.6455 -65.918 -89.9414 -6.15234 -21.8994 -23.7305 1.0986 0.293 0.292999 -0.292999 0 -0.292999 0 
158 34.0576 -11.3525 -65.625 -90.2344 -6.15234 -22.1924 -23.7305 0.805702 0.5127 0.585899 -0.2929 0 0 0.0732994 
159 34.8633 -10.8398 -65.0391 -90.5273 -6.15234 -22.1924 -23.6572 0.659199 0.5127 0.292999 -0.292999 0 0 0 
160 35.5225 -10.3271 -64.7461 -90.8203 -6.15234 -22.1924 -23.6572 0.805599 0.65913 0.292999 0 0 0 0 
161 36.3281 -9.66797 -64.4531 -90.8203 -6.15234 -22.1924 -23.6572 0.439503 0.585939 0.2929 0 0 0 0 
162 36.7676 -9.08203 -64.1602 -90.8203 -6.15234 -22.1924 -23.6572 0.512699 0.73242 0.293003 0 0 0 0 
163 37.2803 -8.34961 -63.8672 -90.8203 -6.15234 -22.1924 -23.6572 0 0 0 0 0 0 0 
164 37.2803 -8.34961 -63.8672 -90.8203 -6.15234 -22.1924 -23.6572 0.4394 0.58594 0 0 0 0 0 
165 37.7197 -7.76367 -63.8672 -90.8203 -6.15234 -22.1924 -23.6572 0.292999 0.65918 0 0 0 0 0.0732002 
166 38.0127 -7.10449 -63.8672 -90.8203 -6.15234 -22.1924 -23.584 0.292999 0.51269 0 0 0 0 0 
167 38.3057 -6.5918 -63.8672 -90.8203 -6.15234 -22.1924 -23.584 0.1464 0.36621 0 0 0 0 0 
168 38.4521 -6.22559 -63.8672 -90.8203 -6.15234 -22.1924 -23.584 0.0732994 0.5127 0 0 0 0 0 
169 38.5254 -5.71289 -63.8672 -90.8203 -6.15234 -22.1924 -23.584 0.0732002 0.29297 0 0 0 0 0 
170 38.5986 -5.41992 -63.8672 -90.8203 -6.15234 -22.1924 -23.584 0 0.29297 0 0 0 0 0 
171 38.5986 -5.12695 -63.8672 -90.8203 -6.15234 -22.1924 -23.584 0 0.29297 0 0.292999 0 0 0 
172 38.5986 -4.83398 -63.8672 -90.5273 -6.15234 -22.1924 -23.584 0 0.14648 0 0 0 0 0 
173 38.5986 -4.6875 -63.8672 -90.5273 -6.15234 -22.1924 -23.584 0 0.14648 0 0.2929 0 0 0 
174 38.5986 -4.54102 -63.8672 -90.2344 -6.15234 -22.1924 -23.584 0 0 0 0 0 0 0 
175 38.5986 -4.54102 -63.8672 -90.2344 -6.15234 -22.1924 -23.584 0 0.0732498 0 0.585999 0 0 0 
176 38.5986 -4.46777 -63.8672 -89.6484 -6.15234 -22.1924 -23.584 0 0 0 0.585899 0 0 0 
177 38.5986 -4.46777 -63.8672 -89.0625 -6.15234 -22.1924 -23.584 0 0 0 0.292999 0 0 0 
178 38.5986 -4.46777 -63.8672 -88.7695 -6.15234 -22.1924 -23.584 0 0 0 0.2929 0 0 0 
179 38.5986 -4.46777 -63.8672 -88.4766 -6.15234 -22.1924 -23.584 0 0 0.585999 0.878899 0 0 0 
180 38.5986 -4.46777 -63.2812 -87.5977 -6.15234 -22.1924 -23.584 0 0 0 0 0 0 0.0732994 
181 38.5986 -4.46777 -63.2812 -87.5977 -6.15234 -22.1924 -23.5107 0 0 0 0.292999 0 0 -0.0732994 
182 38.5986 -4.46777 -63.2812 -87.3047 -6.15234 -22.1924 -23.584 0 0 0 0.585899 0 0 0 
183 38.5986 -4.46777 -63.2812 -86.7188 -6.15234 -22.1924 -23.584 0 0 0 0.586006 0 0 0 
184 38.5986 -4.46777 -63.2812 -86.1328 -6.15234 -22.1924 -23.584 0 0 0 0.292999 0 0 0 
185 38.5986 -4.46777 -63.2812 -85.8398 -6.15234 -22.1924 -23.584 0 0 0 0 0 0 0 
186 38.5986 -4.46777 -63.2812 -85.8398 -6.15234 -22.1924 -23.584 0 0 0 0 0 0 0.0732994 
187 38.5986 -4.46777 -63.2812 -85.8398 -6.15234 -22.1924 -23.5107 0 0 0 0 0 0 -0.0732994 
188 38.5986 -4.46777 -63.2812 -85.8398 -6.15234 -22.1924 -23.584 0 0 0 0 0 0 0 
189 38.5986 -4.46777 -63.2812 -85.8398 -6.15234 -22.1924 -23.584 0 0 0 0 0 0 0 
190 38.5986 -4.46777 -63.2812 -85.8398 -6.15234 -22.1924 -23.584 0 0 0 0 0 0 0 
191 38.5986 -4.46777 -63.2812 -85.8398 -6.15234 -22.1924 -23.584 0 0 0 0 0 0 0 
192 38.5986 -4.46777 -63.2812 -85.8398 -6.15234 -22.1924 -23.584 0 0.0732403 0 0 0 0 0.0732994 
193 38.5986 -4.39453 -63.2812 -85.8398 -6.15234 -22.1924 -23.5107 0 0 0 0 0 0 0 
194 38.5986 -4.39453 -63.2812 -85.8398 -6.15234 -22.1924 -23.5107 0 0 0 0 0 0 -0.0732994 
195 38.5986 -4.39453 -63.2812 -85.8398 -6.15234 -22.1924 -23.584 0 0 0 0 0 0 0 
196 38.5986 -4.39453 -63.2812 -85.8398 -6.15234 -22.1924 -23.584 0 0 0 0 0 0 0 
197 38.5986 -4.39453 -63.2812 -85.8398 -6.15234 -22.1924 -23.584 0 0 0 0 0 0 0 
198 38.5986 -4.39453 -63.2812 -85.8398 -6.15234 -22.1924 -23.584 0 0 0 0 0 0 0 
199 38.5986 -4.39453 -63.2812 -85.8398 -6.15234 -22.1924 -23.584 0 0 0 0 0 0 0 
200 38.5986 -4.39453 -63.2812 -85.8398 -6.15234 -22.1924 -23.584 0 0 0 0 0 0 0 
201 38.5986 -4.39453 -63.2812 -85.8398 -6.15234 -22.1924 -23.584 0 0 0 0 0 0 0 
202 38.5986 -4.39453 -63.2812 -85.8398 -6.15234 -22.1924 -23.584 0 0 0 0 0 0 0 
203 38.5986 -4.39453 -63.2812 -85.8398 -6.15234 -22.1924 -23.584 0 0 0 0 0 0 0.0732994 
204 38.5986 -4.39453 -63.2812 -85.8398 -6.15234 -22.1924 -23.5107 0 0 0 0 0 0 -0.0732994 
205 38.5986 -4.39453 -63.2812 -85.8398 -6.15234 -22.1924 -23.584 0 0 0 0 0 0 0 
206 38.5986 -4.39453 -63.2812 -85.8398 -6.15234 -22.1924 -23.584 0 0 0 0 0 0 0 
207 38.5986 -4.39453 -63.2812 -85.8398 -6.15234 -22.1924 -23.584 0 0 0 0 0 0 0 
208 38.5986 -4.39453 -63.2812 -85.8398 -6.15234 -22.1924 -23.584 0 0 0 0 0 0 0 
209 38.5986 -4.39453 -63.2812 -85.8398 -6.15234 -22.1924 -23.584 0 0 0 0 0 0 0 
210 38.5986 -4.39453 -63.2812 -85.8398 -6.15234 -22.1924 -23.584 0 0 0 0 0 0 0.0732994 
211 38.5986 -4.39453 -63.2812 -85.8398 -6.15234 -22.1924 -23.5107 0 0 0 0 0 0 -0.0732994 
212 38.5986 -4.39453 -63.2812 -85.8398 -6.15234 -22.1924 -23.584 0 0 0 0 0 0 0 
213 38.5986 -4.39453 -63.2812 -85.8398 -6.15234 -22.1924 -23.584 0 0 0 0 0 0 0 
214 38.5986 -4.39453 -63.2812 -85.8398 -6.15234 -22.1924 -23.584 0 0 0 0 0 0 0 
215 38.5986 -4.39453 -63.2812 -85.8398 -6.15234 -22.1924 -23.584 0 0 0 0 0 0 0.0732994 
216 38.5986 -4.39453 -63.2812 -85.8398 -6.15234 -22.1924 -23.5107 0 0 0 0 0 0 -0.0732994 
217 38.5986 -4.39453 -63.2812 -85.8398 -6.15234 -22.1924 -23.584 0 0 0 0 0 0 0.0732994 
218 38.5986 -4.39453 -63.2812 -85.8398 -6.15234 -22.1924 -23.5107 0 0 0 0 0 0 0 
219 38.5986 -4.39453 -63.2812 -85.8398 -6.15234 -22.1924 -23.5107 0 0 0 0 0 0 -0.0732994 
220 38.5986 -4.39453 -63.2812 -85.8398 -6.15234 -22.1924 -23.584 0 0 0 0 0 0 0 
221 38.5986 -4.39453 -63.2812 -85.8398 -6.15234 -22.1924 -23.584 0 0 0 0 0 0 0.0732994 
222 38.5986 -4.39453 -63.2812 -85.8398 -6.15234 -22.1924 -23.5107 0 0 0 0 0 0 -0.0732994 
223 38.5986 -4.39453 -63.2812 -85.8398 -6.15234 -22.1924 -23.584 0 0 0 0 0 0 0.0732994 
224 38.5986 -4.39453 -63.2812 -85.8398 -6.15234 -22.1924 -23.5107 0 0 0 0 0 0 -0.0732994 
225 38.5986 -4.39453 -63.2812 -85.8398 -6.15234 -22.1924 -23.584 0 0 0 0 0 0 0 
226 38.5986 -4.39453 -63.2812 -85.8398 -6.15234 -22.1924 -23.584 0 0 0 0 0 0 0 
227 38.5986 -4.39453 -63.2812 -85.8398 -6.15234 -22.1924 -23.584 0 0 0 0 0 0 0 
228 38.5986 -4.39453 -63.2812 -85.8398 -6.15234 -22.1924 -23.584 0 0 0 0 0 0 0.0732994 
229 38.5986 -4.39453 -63.2812 -85.8398 -6.15234 -22.1924 -23.5107 0 0 0 0 0 0 0 
230 38.5986 -4.39453 -63.2812 -85.8398 -6.15234 -22.1924 -23.5107 0 0 0 0 0 0 0 
231 38.5986 -4.39453 -63.2812 -85.8398 -6.15234 -22.1924 -23.5107 0 0 0 0 0 0 -0.0732994 
232 38.5986 -4.39453 -63.2812 -85.8398 -6.15234 -22.1924 -23.584 0 0 0 0 0 0 0.0732994 
233 38.5986 -4.39453 -63.2812 -85.8398 -6.15234 -22.1924 -23.5107 0 0 0 0 0 0 -0.0732994 
234 38.5986 -4.39453 -63.2812 -85.8398 -6.15234 -22.1924 -23.584 0 0 0 0 0 0 0.0732994 
235 38.5986 -4.39453 -63.2812 -85.8398 -6.15234 -22.1924 -23.5107 0 0 0 0 0 0 0 
236 38.5986 -4.39453 -63.2812 -85.8398 -6.15234 -22.1924 -23.5107 0 0 0 0 0 0 -0.0732994 
237 38.5986 -4.39453 -63.2812 -85.8398 -6.15234 -22.1924 -23.584 0 0 0 0 0 0 0.0732994 
238 38.5986 -4.39453 -63.2812 -85.8398 -6.15234 -22.1924 -23.5107 0 0 0 0 0 0 0 
239 38.5986 -4.39453 -63.2812 -85.8398 -6.15234 -22.1924 -23.5107 0 0 0 0 0 0 -0.0732994 
240 38.5986 -4.39453 -63.2812 -85.8398 -6.15234 -22.1924 -23.584 0 0 0 0 0 0 0 
241 38.5986 -4.39453 -63.2812 -85.8398 -6.15234 -22.1924 -23.584 0 0 0 0 0 0 0.0732994 
242 38.5986 -4.39453 -63.2812 -85.8398 -6.15234 -22.1924 -23.5107 0 0 0 0 0 0 -0.0732994 
243 38.5986 -4.39453 -63.2812 -85.8398 -6.15234 -22.1924 -23.584 0 0 0 0 0 0 0 
244 38.5986 -4.39453 -63.2812 -85.8398 -6.15234 -22.1924 -23.584 0 0 0 0 0 0 0 
245 38.5986 -4.39453 -63.2812 -85.8398 -6.15234 -22.1924 -23.584 0 0 0 0 0 0 0 
246 38.5986 -4.39453 -63.2812 -85.8398 -6.15234 -22.1924 -23.584 0 0 0 0 0 0 0.0732994 
247 38.5986 -4.39453 -63.2812 -85.8398 -6.15234 -22.1924 -23.5107 0 0 0 0 0 0 0 
248 38.5986 -4.39453 -63.2812 -85.8398 -6.15234 -22.1924 -23.5107 0 0 0 0 0 0 0 
249 38.5986 -4.39453 -63.2812 -85.8398 -6.15234 -22.1924 -23.5107 0 0 0 0 0 0 0 
