0 0 0 0 0 0 0.0732002 0 
1 0 0 0 0 0 0 0 
2 0 0 0 0 0 0 0.0733013 
3 0 0 0 0 0 0 -0.0733013 
4 0 0.073243 0 0 0 0 0.0733013 
5 0 0 0 0 0 0 -0.0733013 
6 0 0 -0.2929 0 0 0 0 
7 0 0 0 0 0 0 0 
8 0 0 0 -0.586 0 0 0.0733013 
9 0 0 0 0 0 0 0 
10 0 0 0 0 0 0 0 
11 0 0 0 0 0 0 0.0732002 
12 0 0 0 0 0 0 0 
13 0 0 0 0 0 0 0 
14 0 0 0 -0.2929 0 0 0 
15 0 0 0 0 0 0 0 
16 0 0 0 0 0 0 0 
17 0 0 0 0 0 0 0.0732002 
18 0 0 0 0 0 0 -0.0732002 
19 0 0 0 0 0 0 0.0732002 
20 0 0 0 -0.292999 0 0 0 
21 0 0 0 0.292999 0 0 0 
22 0 0 0 -0.292999 0 0 0.0732994 
23 0 0 0 0 0 0 0 
24 0 0 0 0 0 0 0 
25 0 0 0 0 0 0 0.0732002 
26 0 0 0 0 0 -0.1465 0 
27 0 0 0 0 0 0 -0.0732002 
28 0 0 0 0 0 -0.0732002 0.0732002 
29 0 0 0 0 0 0 0 
30 0 0 0 0 0 0 -0.0732002 
31 0 0 0 0 0 -0.0732994 0.0732002 
32 0 0 0 0 0 0.0732994 0 
33 0 0 0 0 0 0 0 
34 0 0 0 0 0 0 0 
35 0 0 0 0 0 -0.0732994 0 
36 0 0 0 0 0 0 -0.0732002 
37 0 0 0 0 0 0 0.0732002 
38 0 0 0 0 0 0 0 
39 0 0 0 0 0 -0.0732002 0 
40 0 0 0 0 0 -0.2197 0 
41 0 0 -0.292999 0 0 -0.512701 0 
42 -0.1465 -0.732422 0.292999 -0.293001 0 -0.9522 0 
43 -0.146501 -1.24511 0 -0.2929 0 -0.732399 0 
44 -0.292899 -1.24512 0.2929 -0.585999 0 -0.439501 0.0732994 
45 0 0 0 0 0 0 0 
46 -0.146501 -0.58594 0 0 0 -0.512699 0.1465 
47 -0.1465 -0.73242 0.293003 0 0 -0.2197 0.2197 
48 -0.146501 -0.87891 -0.293003 0 0 -0.2929 0.1465 
49 -0.1465 -1.24511 -0.2929 -0.585901 0 -0.293001 0 
50 -0.1465 -2.34375 0 -0.292999 0 -0.292999 0.0732012 
51 -0.146501 -2.12403 0 -0.585899 0 -0.805599 -0.0732012 
52 -0.2197 -2.2705 0 -1.4649 0 -0.8057 0.0732012 
53 -0.2197 -3.5156 0.2929 -0.878901 0 -0.585901 0.0731993 
54 -0.29297 -2.71 0.293003 -1.1718 0 -0.805698 0.146501 
55 -0.292971 -3.5889 0 -1.1719 0 -0.585901 0.293 
56 0 0 0 0 0 0 0 
57 -0.219729 -2.9296 0 -0.585901 0 -0.659199 0.805699 
58 -0.36621 -2.8565 0.585999 -1.1719 0 -1.0254 0.878901 
59 -0.43945 -3.2226 0.2929 -0.292999 0 -1.0987 1.0254 
60 -0.29297 -2.6368 0.292999 0 0 -1.4648 1.3183 
61 -0.36621 -3.3691 0.292999 0 0 -1.3184 1.0254 
62 -0.36621 -2.5635 0.585903 -0.585901 0 -1.1718 0.95216 
63 -0.29297 -2.7099 0.292999 -0.292999 0 -1.6114 0.878901 
64 -0.21973 -3.5889 0.878899 -0.292999 0 -0.952099 0.5127 
65 -0.0732398 -2.7832 0.878902 -0.585901 0 -1.0986 0.51269 
66 0 -2.1973 1.1718 -0.585899 0 -0.878902 0.0732503 
67 0 0 0 0 0 0 0 
68 0 -2.417 0.878998 -0.292999 0 -0.439499 0 
69 0 -1.7578 0.878902 -0.293001 0 -0.2197 0 
70 0 -1.6113 0.585899 0 0 -0.0732994 0.0732398 
71 0 -0.878899 0.585899 0 0 0 0.0732398 
72 0 -0.585999 0.292999 0 0 0.0732994 0 
73 0 -0.1464 0 0 0 -0.0732994 0.0732403 
74 0 0 0 0 -0.29296 -0.2197 0.14649 
75 0 0.0732002 0 0.293001 -0.29297 -0.1465 0 
76 0 0.366199 0.293003 0.292999 0 -0.2929 0.14648 
77 0.21973 0.292999 0.2929 0.585899 -0.29297 -0.292999 0.43946 
78 0 0 0 0 0 0 0 
79 1.17187 0.2197 0 0.293001 -0.292971 -0.146503 0.51269 
80 1.83106 0 0 0.2929 -0.585939 0 0.87891 
81 1.3916 0 0.878998 0 -0.292971 0 0.73242 
82 2.124 0.0732002 0 0 -0.292959 0 0.65918 
83 1.8311 0.1465 0.585899 0 -0.293 0 0.36621 
84 1.9775 0.0732994 0.292999 0 -0.2929 0 0.29297 
85 2.7832 0.1465 0.2929 0 -0.293 0 0.14648 
86 2.2705 0.0732002 0.293003 0.292999 -0.293 0 0 
87 3.0762 0.0732002 0.292999 0 0 0.0732002 0.0732398 
88 2.4902 0.512699 0 0.292999 0 0 0.14649 
89 0 0 0 0 0 0 0 
90 2.5635 0.586002 0.2929 0.2929 0 0.0733032 0.07324 
91 3.2227 0.732399 0 0.586 0 0.1465 0.14649 
92 2.417 0.585899 0 0.2929 0 0.2197 0.29296 
93 2.3437 0.878902 0.292999 0.586 0 0.2197 0.36622 
94 2.7832 0.585999 0 0.585899 -0.292999 0.292999 0.65917 
95 2.1973 0.366199 0 0.293001 0 0.585899 0.659185 
96 2.3437 0.366199 0 0 -0.2929 0.512699 0.952148 
97 1.4649 0.292999 0 0 -0.293 0.952202 1.31836 
98 0.952099 0.585903 0.585899 0.292999 -0.293 0.878899 1.17188 
99 1.0254 0.585899 0 0.2929 -0.5859 0.878902 0.8789 
100 0 0 0 0 0 0 0 
101 0.585899 0.585999 0 0 -0.292999 1.1719 0.73243 
102 0.292999 1.0254 0.292999 0 0 0.805599 0.0732403 
103 0 1.0986 0 0 0 0.732401 0 
104 0 1.6113 -0.292999 0 0 0.9522 0 
105 0 2.417 0 0 0 0.8057 -0.0732403 
106 0 2.3438 0 0 0 1.2451 -0.14649 
107 0 3.0029 0 -0.585899 0 1.0254 -0.0732398 
108 0 2.7832 -0.585899 0 0 0.878901 0 
109 0 3.1494 0 0 0 1.3916 0 
110 0 4.1748 -0.292999 0 0 0.585899 -0.0732398 
111 0 3.2227 -0.2929 0.292999 -0.2929 0.878901 0.0732398 
112 0 0 0 0 0 0 0 
113 -0.0732002 3.5156 -0.292999 0.2929 0 1.0254 -0.0732398 
114 -0.292999 3.9551 -0.585903 0.586 0 0.8057 -0.14649 
115 -0.1465 2.6367 -0.878899 0.878899 0 1.0254 -0.21972 
116 -0.1465 3.4424 -0.878998 0.585901 0 0.805601 -0.5127 
117 -0.2929 2.9297 -0.2929 1.1719 0 0.439499 -0.95215 
118 -0.219799 2.56345 -0.586002 1.1719 0 0.512701 -1.09863 
119 -0.2197 2.70997 -0.585899 1.1718 0 0.0732002 -1.24512 
120 -0.1465 1.75781 -0.292999 1.1719 0 0 -1.75781 
121 -0.2197 1.75781 -0.878902 0.585899 0 0 -1.24512 
122 0 0 0 0 0 0 0 
123 -0.293003 1.61133 -0.2929 0.879 0 0.1465 -1.31836 
124 -0.2197 0.805661 -0.292999 0 0 0.0732002 -0.58593 
125 -0.366199 0.29297 -0.292999 0 0 0.292999 -0.29297 
126 -0.732399 -0.14648 0 -0.879 0 0.2197 -0.14649 
127 -0.878899 -0.21973 0 -0.585899 0 0.366201 -0.21972 
128 -1.6846 -0.36621 0.292999 -1.1719 0 0.512699 -0.21973 
129 -1.4648 -0.366211 0 -0.878901 0.2929 0.586 -0.58594 
130 -1.8311 -0.366211 0.292999 -1.1719 0 0.366199 -0.73242 
131 -2.7832 -0.65918 0.2929 -1.4648 0.292999 0.292999 -1.09863 
132 -2.1973 -0.585938 0.586002 -0.878901 1.1719 0.3662 -1.17188 
133 0 0 0 0 0 0 0 
134 -3.2226 -0.87891 0.585899 -1.1719 0.585899 0.146501 -1.24514 
135 -2.7832 -0.58593 0.292999 -0.585899 0.878901 0.146399 -1.6113 
136 -2.9297 -0.58594 0.585899 -0.878901 1.46487 0 -1.3916 
137 -3.5889 -0.65918 0.293003 -0.586 1.17187 0 -1.6113 
138 -2.9297 -0.43945 0.2929 -0.2929 1.75782 0 -1.0987 
139 -3.1494 -0.29297 0 0 1.17187 0 -0.878901 
140 -3.4424 -0.21973 0.292999 0 1.17188 0 -0.805599 
141 -2.7832 -0.14648 0 0.2929 1.17187 0 -0.512701 
142 -3.0029 0 0 0.586 1.17188 0 -0.366199 
143 -2.19727 0 0 0.878901 0.585934 -0.0731993 -0.439499 
144 -1.90429 0 0 0.292999 0.585937 -0.0732002 -0.219702 
145 0 0 0 0 0 0 0 
146 -1.83106 0 0 0.585899 0.292969 -0.146501 -0.292999 
147 -1.02539 0 0 0.293001 0.292969 -0.1465 -0.4394 
148 -0.732421 0 0 0 0 -0.0733004 -0.366301 
149 -0.512696 0 0 0 0 -0.1464 -0.2929 
150 -0.073242 0 0 0 0 0 -0.1465 
151 0 0 0 0 0 0 -0.0732994 
152 0 0 -0.292999 -0.293001 0 0 0 
153 0 0 0 -0.585899 0 0 0 
154 0 0 0 -0.292999 0 0 0 
155 0.512696 0 -0.2929 -2.0508 0 0 0 
156 0 0 0 0 0 0 0 
157 0.805663 -0.36621 0 -1.7578 0 0 0 
158 0.73242 -0.43946 0 -2.3438 0 0 0 
159 0.80567 -0.36621 0 -3.5156 0 0 -0.0732002 
160 1.09863 -0.73242 -0.293003 -2.9297 0 0 0 
161 0.87891 -0.58594 -0.585899 -3.2226 0 0 -0.0732002 
162 0.8789 -0.51269 -1.4649 -3.8086 0 0 0 
163 1.02539 -0.43946 -0.585899 -2.9297 0 0 -0.0732994 
164 0.73242 -0.29296 -0.878899 -2.9297 0 0 0 
165 0.87891 -0.21973 -0.585999 -3.5156 0 -0.0732994 -0.0732002 
166 1.09863 -0.0732393 -0.878902 -2.6367 0 -0.1465 0.0732002 
167 0 0 0 0 0 0 0 
168 0.805671 -0.14649 -0.585899 -2.9297 0 -0.2929 -0.0732002 
169 1.02536 -0.0732403 -0.878899 -2.3438 0 -0.366199 0 
170 0.805699 -0.0732403 -0.293003 -1.7578 0 -0.439501 0 
171 0.8057 0 -0.2929 -2.6367 0 -0.439499 0 
172 1.0986 0 -0.292999 -1.7578 0 -0.5126 0.0732002 
173 0.8057 0 -0.292999 -2.0508 0 -0.7325 -0.0732002 
174 1.0253 0 -0.2929 -2.0508 0 -0.659101 0 
175 0.8057 0 0 -1.46481 0 -0.7325 0.0732002 
176 0.878901 0 0 -2.0508 0 -1.0254 -0.0732002 
177 1.0254 0 0 -1.4649 0 -0.732401 0 
178 0 0 0 0 0 0 0 
179 0.732399 0 0 -1.1718 -0.292969 -0.952101 0 
180 0.586 0 0 -1.7578 0 -0.805698 0 
181 0.6591 0 0 -1.1719 0 -0.659201 0 
182 0.439501 0 0 -1.17191 0 -0.659201 0 
183 0.439499 0 0 -1.4648 0 -0.5126 0.0732002 
184 0.2929 0 0 -0.585999 0 -0.366299 0 
185 0.2197 0 0 -1.1718 0 -0.1464 -0.0732002 
186 0.219801 0 0 -0.292999 0 0 0.0732002 
187 0.2197 0 0.2929 -1.17191 0 0 0 
188 0.1465 0 0.292999 -0.292999 0 0 0 
189 0 0 0 0 0 0 0 
190 0.1465 0 0 -0.2929 0 0 0 
191 0.0732002 0 0 -0.585999 0 0 0 
192 0.1465 0 0 -0.2929 0 0 0 
193 0.0732002 0 0.292999 -0.292999 0 0 0 
194 0.0732994 0.21972 0 -0.292999 0 0 0 
195 0.0732002 0.21973 0 -0.2929 0 0 -0.0732002 
196 0 0.14649 0.2929 0 0 0 0 
197 0 0.21972 0 0 0 0 0.0732002 
198 0 0.0732403 0 0 0 0 0 
199 0 0.0732498 0 0 0 0 0 
200 0 0 0 0 0 0 0 
201 0 0.0732403 0 0 0 0 0 
202 0 0 0 0 0 0 -0.0732002 
203 0 0 0 0 0 0.0732002 0.0732002 
204 0 0 0 0 0 -0.0732002 0 
205 0 0 0 0 0 0 0 
206 0 0 0 0 0 0 0 
207 0 0 0 0 0 0 -0.0732002 
208 0 0.0732393 0 0 0 0 0.0732002 
209 0 0.0732403 0 0 0 0 0 
210 0 0.0732498 0 0 0 0 0 
211 0 0 0 0 0 0 0 
212 0 0.146481 0 0.2929 0 0 0 
213 0 0.14648 0 0.292999 0 0 0 
214 0 0.14649 0 0.292999 0 0 0 
215 0 0.14648 0 0 0 0 0 
216 0 0.21973 0 0 0 0 -0.0732002 
217 0 0.14648 0 0 0 0 0.0732002 
218 0 0.14649 0 0.2929 0 0 0 
219 0 0.14648 0 0 0 0 0 
220 0 0.21973 0 0 0 0 0 
221 0 0.14648 0 0 0 0 0 
222 0 0 0 0 0 0 0 
223 0 0.0732503 0 0 0 0.0732002 -0.0732002 
224 0 0.14648 0 0 0 0 0.0732002 
225 0 0.14648 0 0 0 -0.0732002 0 
226 0 0.0732503 0 0 0 0.0732002 0 
227 0 0.0732398 0 0 0 0 0 
228 0 0.0732403 0 0 0 -0.0732002 0 
229 0 0 0 0 0 0 0 
230 0 0 0 0 0 0 0 
231 0 0 0 0 0 0 0 
232 0 0 0 0 0 0 0 
233 0 0 0 -0.2929 0 0 -0.0732002 
234 0 0 0 0 0 0 0 
235 0 0 0 0.2929 0 0 0 
236 0 0 0 0 0 0 0.0732002 
237 0 0 0 0 0 0 0 
238 0 0 0 0 0 0 -0.0732002 
239 0 0 0 0 0 0 0.0732002 
240 0 0 0 0 0 0.0732002 -0.0732002 
241 0 0 0 0 0 -0.0732002 0.0732002 
242 0 0 0 0 0 0 0 
243 0 0 0 0 0 0 0 
244 0 0 0 0 0 0 -0.0732002 
245 0 0 0 0 0 0 0 
246 0 0 0 0 0 0 0.0732002 
247 0 0 0 0 0 0.0732002 -0.0732002 
248 0 0 0 0 0 -0.0732002 0.0732002 
249 0 0 0 0 0 0 -0.0732002 
